5667408856 9428 0 3
5667408856 9425 0 5
5667408856 9427 0 2
5667408856 9428 0 3
5667408856 9429 0 4
5667408856 9426 0 4
5667408856 9426 0 4
5667408856 9429 0 4
5667408856 9428 0 4
5667408856 9426 0 5
5667408856 9426 0 4
5667408869 0 0 0
5667408869 0 0 0
5667408869 0 0 0
5667408869 0 0 0
5667408869 0 0 0
5667408869 0 0 0
5667408869 0 0 0
5667408869 0 0 0
5667408869 0 0 0
5667408869 0 0 0
5667408869 0 0 0
5667408882 0 0 0
5667408882 0 0 0
5667408882 0 0 0
5667408882 0 0 0
5667408882 0 0 0
5667408882 0 0 0
5667408882 0 0 0
5667408882 0 0 0
5667408882 0 0 0
5667408882 0 0 0
5667408882 0 0 0
5667408895 0 0 0
5667408895 0 0 0
5667408895 0 0 0
5667408895 0 0 0
5667408895 0 0 0
5667408895 0 0 0
5667408895 0 0 0
5667408895 0 0 0
5667408895 0 0 0
5667408895 0 0 0
5667408895 0 0 0
5667408908 0 0 0
5667408908 0 0 0
5667408908 0 0 0
5667408908 0 0 0
5667408908 0 0 0
5667408908 0 0 0
5667408908 0 0 0
5667408908 0 0 0
5667408908 0 0 0
5667408908 0 0 0
5667408908 0 0 0
5667408921 0 0 0
5667408921 0 0 0
5667408921 0 0 0
5667408921 0 0 0
5667408921 0 0 0
5667408921 0 0 0
5667408921 0 0 0
5667408921 0 0 0
5667408921 0 0 0
5667408921 0 0 0
5667408921 0 0 0
5667408934 0 0 0
5667408934 0 0 0
5667408934 0 0 0
5667408934 0 0 0
5667408934 0 0 0
5667408934 0 0 0
5667408934 0 0 0
5667408934 0 0 0
5667408934 0 0 0
5667408934 0 0 0
5667408934 0 0 0
5667408947 0 0 0
5667408947 0 0 0
5667408947 0 0 0
5667408947 0 0 0
5667408947 0 0 0
5667408947 0 0 0
5667408947 0 0 0
5667408947 0 0 0
5667408947 0 0 0
5667408947 0 0 0
5667408947 0 0 0
5667408960 0 0 0
5667408960 0 0 0
5667408960 0 0 0
5667408960 0 0 0
5667408960 0 0 0
5667408960 0 0 0
5667408960 0 0 0
5667408960 0 0 0
5667408960 0 0 0
5667408960 0 0 0
5667408960 0 0 0
5667408973 0 0 0
5667408973 0 0 0
5667408973 0 0 0
5667408973 0 0 0
5667408973 0 0 0
5667408973 0 0 0
5667408973 0 0 0
5667408973 0 0 0
5667408973 0 0 0
5667408973 0 0 0
5667408973 0 0 0
5667408986 0 0 0
5667408986 0 0 0
5667408986 0 0 0
5667408986 0 0 0
5667408986 0 0 0
5667408986 0 0 0
5667408986 0 0 0
5667408986 0 0 0
5667408986 0 0 0
5667408986 0 0 0
5667408986 0 0 0
5667408999 0 0 0
5667408999 0 0 0
5667408999 0 0 0
5667408999 0 0 0
5667408999 0 0 0
5667408999 0 0 0
5667408999 0 0 0
5667408999 0 0 0
5667408999 0 0 0
5667408999 0 0 0
5667408999 0 0 0
5667409012 0 0 0
5667409012 0 0 0
5667409012 0 0 0
5667409012 0 0 0
5667409012 0 0 0
5667409012 0 0 0
5667409012 0 0 0
5667409012 0 0 0
5667409012 0 0 0
5667409012 0 0 0
5667409012 0 0 0
5667409025 0 0 0
5667409025 0 0 0
5667409025 0 0 0
5667409025 0 0 0
5667409025 0 0 0
5667409025 0 0 0
5667409025 0 0 0
5667409025 0 0 0
5667409025 0 0 0
5667409025 0 0 0
5667409025 0 0 0
5667409039 0 0 0
5667409039 0 0 0
5667409039 0 0 0
5667409039 0 0 0
5667409039 0 0 0
5667409039 0 0 0
5667409039 0 0 0
5667409039 0 0 0
5667409039 0 0 0
5667409039 0 0 0
5667409039 0 0 0
5667409052 0 0 0
5667409052 0 0 0
5667409052 0 0 0
5667409052 0 0 0
5667409052 0 0 0
5667409052 0 0 0
5667409052 0 0 0
5667409052 0 0 0
5667409052 0 0 0
5667409052 0 0 0
5667409052 0 0 0
5667409065 0 0 0
5667409065 0 0 0
5667409065 0 0 0
5667409065 0 0 0
5667409065 0 0 0
5667409065 0 0 0
5667409065 0 0 0
5667409065 0 0 0
5667409065 0 0 0
5667409065 0 0 0
5667409065 0 0 0
5667409078 0 0 0
5667409078 0 0 0
5667409078 0 0 0
5667409078 0 0 0
5667409078 0 0 0
5667409078 0 0 0
5667409078 0 0 0
5667409078 0 0 0
5667409078 0 0 0
5667409078 0 0 0
5667409078 0 0 0
5667409091 0 0 0
5667409091 0 0 0
5667409091 0 0 0
5667409091 0 0 0
5667409091 0 0 0
5667409091 0 0 0
5667409091 0 0 0
5667409091 0 0 0
5667409091 0 0 0
5667409091 0 0 0
5667409091 0 0 0
5667409105 1 0 0
5667409105 0 0 0
5667409105 2300 0 2
5667409105 5128 0 1
5667409105 3134 0 2
5667409105 7425 0 3
5667409105 1 0 0
5667409105 138 0 1
5667409105 0 0 0
5667409105 7425 0 3
5667409105 5060 0 2
5667409118 7424 0 3
5667409118 7425 0 3
5667409118 5125 0 1
5667409118 2297 0 0
5667409118 4291 0 1
5667409118 0 0 0
5667409118 7424 0 3
5667409118 7287 0 2
5667409118 7425 0 4
5667409118 0 0 0
5667409118 2365 0 0
5667409131 0 0 0
5667409131 0 0 0
5667409131 0 0 0
5667409131 0 0 0
5667409131 0 0 0
5667409131 0 0 0
5667409131 0 0 0
5667409131 0 0 0
5667409131 0 0 0
5667409131 0 0 0
5667409131 0 0 0
5667409144 0 0 0
5667409144 0 0 0
5667409144 0 0 0
5667409144 0 0 0
5667409144 0 0 0
5667409144 0 0 0
5667409144 0 0 0
5667409144 0 0 0
5667409144 0 0 0
5667409144 0 0 0
5667409144 0 0 0
5667409157 0 0 0
5667409157 0 0 0
5667409157 0 0 0
5667409157 0 0 0
5667409157 0 0 0
5667409157 0 0 0
5667409157 0 0 0
5667409157 0 0 0
5667409157 0 0 0
5667409157 0 0 0
5667409157 0 0 0
5667409170 0 0 0
5667409170 0 0 0
5667409170 0 0 0
5667409170 0 0 0
5667409170 0 0 0
5667409170 0 0 0
5667409170 0 0 0
5667409170 0 0 0
5667409170 0 0 0
5667409170 0 0 0
5667409170 0 0 0
5667409183 0 0 0
5667409183 0 0 0
5667409183 0 0 0
5667409183 0 0 0
5667409183 0 0 0
5667409183 0 0 0
5667409183 0 0 0
5667409183 0 0 0
5667409183 0 0 0
5667409183 0 0 0
5667409183 0 0 0
5667409196 0 0 0
5667409196 0 0 0
5667409196 0 0 0
5667409196 0 0 0
5667409196 0 0 0
5667409196 0 0 0
5667409196 0 0 0
5667409196 0 0 0
5667409196 0 0 0
5667409196 0 0 0
5667409196 0 0 0
5667409209 0 0 0
5667409209 0 0 0
5667409209 0 0 0
5667409209 0 0 0
5667409209 0 0 0
5667409209 0 0 0
5667409209 0 0 0
5667409209 0 0 0
5667409209 0 0 0
5667409209 0 0 0
5667409209 0 0 0
5667409222 0 0 0
5667409222 0 0 0
5667409222 0 0 0
5667409222 0 0 0
5667409222 0 0 0
5667409222 0 0 0
5667409222 0 0 0
5667409222 0 0 0
5667409222 0 0 0
5667409222 0 0 0
5667409222 0 0 0
5667409235 0 0 0
5667409235 0 0 0
5667409235 0 0 0
5667409235 0 0 0
5667409235 0 0 0
5667409235 0 0 0
5667409235 0 0 0
5667409235 0 0 0
5667409235 0 0 0
5667409235 0 0 0
5667409235 0 0 0
5667409248 0 0 0
5667409248 0 0 0
5667409248 0 0 0
5667409248 0 0 0
5667409248 0 0 0
5667409248 0 0 0
5667409248 0 0 0
5667409248 0 0 0
5667409248 0 0 0
5667409248 0 0 0
5667409248 0 0 0
5667409261 0 0 0
5667409261 0 0 0
5667409261 0 0 0
5667409261 0 0 0
5667409261 0 0 0
5667409261 0 0 0
5667409261 0 0 0
5667409261 0 0 0
5667409261 0 0 0
5667409261 0 0 0
5667409261 0 0 0
5667409274 0 0 0
5667409274 0 0 0
5667409274 0 0 0
5667409274 0 0 0
5667409274 0 0 0
5667409274 0 0 0
5667409274 0 0 0
5667409274 0 0 0
5667409274 0 0 0
5667409274 0 0 0
5667409274 0 0 0
5667409288 0 0 0
5667409288 0 0 0
5667409288 0 0 0
5667409288 0 0 0
5667409288 0 0 0
5667409288 0 0 0
5667409288 0 0 0
5667409288 0 0 0
5667409288 0 0 0
5667409288 0 0 0
5667409288 0 0 0
5667409301 0 0 0
5667409301 0 0 0
5667409301 0 0 0
5667409301 0 0 0
5667409301 0 0 0
5667409301 0 0 0
5667409301 0 0 0
5667409301 0 0 0
5667409301 0 0 0
5667409301 0 0 0
5667409301 0 0 0
5667409314 0 0 0
5667409314 0 0 0
5667409314 0 0 0
5667409314 0 0 0
5667409314 0 0 0
5667409314 0 0 0
5667409314 0 0 0
5667409314 0 0 0
5667409314 0 0 0
5667409314 0 0 0
5667409314 0 0 0
5667409327 0 0 0
5667409327 0 0 0
5667409327 0 0 0
5667409327 0 0 0
5667409327 0 0 0
5667409327 0 0 0
5667409327 0 0 0
5667409327 0 0 0
5667409327 0 0 0
5667409327 0 0 0
5667409327 0 0 0
5667409340 0 0 0
5667409340 0 0 0
5667409340 0 0 0
5667409340 0 0 0
5667409340 0 0 0
5667409340 0 0 0
5667409340 0 0 0
5667409340 0 0 0
5667409340 0 0 0
5667409340 0 0 0
5667409340 0 0 0
5667409354 0 0 0
5667409354 0 0 0
5667409354 0 0 0
5667409354 0 0 0
5667409354 0 0 0
5667409354 0 0 0
5667409354 0 0 0
5667409354 0 0 0
5667409354 0 0 0
5667409354 988 0 1
5667409354 0 0 0
5667409367 6047 0 3
5667409367 6047 0 3
5667409367 6047 0 3
5667409367 6047 0 3
5667409367 6047 0 3
5667409367 6047 0 2
5667409367 6047 0 2
5667409367 6047 0 3
5667409367 6047 0 2
5667409367 5059 0 2
5667409367 6047 0 2
5667409380 0 0 0
5667409380 0 0 0
5667409380 0 0 0
5667409380 0 0 0
5667409380 0 0 0
5667409380 0 0 0
5667409380 0 0 0
5667409380 0 0 0
5667409380 0 0 0
5667409380 0 0 0
5667409380 0 0 0
5667409393 0 0 0
5667409393 0 0 0
5667409393 0 0 0
5667409393 0 0 0
5667409393 0 0 0
5667409393 0 0 0
5667409393 0 0 0
5667409393 0 0 0
5667409393 0 0 0
5667409393 0 0 0
5667409393 0 0 0
5667409406 0 0 0
5667409406 0 0 0
5667409406 0 0 0
5667409406 0 0 0
5667409406 0 0 0
5667409406 0 0 0
5667409406 0 0 0
5667409406 0 0 0
5667409406 0 0 0
5667409406 0 0 0
5667409406 0 0 0
5667409419 0 0 0
5667409419 0 0 0
5667409419 0 0 0
5667409419 0 0 0
5667409419 0 0 0
5667409419 0 0 0
5667409419 0 0 0
5667409419 0 0 0
5667409419 0 0 0
5667409419 0 0 0
5667409419 0 0 0
5667409432 0 0 0
5667409432 0 0 0
5667409432 0 0 0
5667409432 0 0 0
5667409432 0 0 0
5667409432 0 0 0
5667409432 0 0 0
5667409432 0 0 0
5667409432 0 0 0
5667409432 0 0 0
5667409432 0 0 0
5667409445 0 0 0
5667409445 0 0 0
5667409445 0 0 0
5667409445 0 0 0
5667409445 0 0 0
5667409445 0 0 0
5667409445 0 0 0
5667409445 0 0 0
5667409445 0 0 0
5667409445 0 0 0
5667409445 0 0 0
5667409458 0 0 0
5667409458 0 0 0
5667409458 0 0 0
5667409458 0 0 0
5667409458 0 0 0
5667409458 0 0 0
5667409458 0 0 0
5667409458 0 0 0
5667409458 0 0 0
5667409458 0 0 0
5667409458 0 0 0
5667409471 0 0 0
5667409471 0 0 0
5667409471 0 0 0
5667409471 0 0 0
5667409471 0 0 0
5667409471 0 0 0
5667409471 0 0 0
5667409471 0 0 0
5667409471 0 0 0
5667409471 0 0 0
5667409471 0 0 0
5667409484 0 0 0
5667409484 0 0 0
5667409484 0 0 0
5667409484 0 0 0
5667409484 0 0 0
5667409484 0 0 0
5667409484 0 0 0
5667409484 0 0 0
5667409484 0 0 0
5667409484 0 0 0
5667409484 0 0 0
5667409497 0 0 0
5667409497 0 0 0
5667409497 0 0 0
5667409497 0 0 0
5667409497 0 0 0
5667409497 0 0 0
5667409497 0 0 0
5667409497 0 0 0
5667409497 0 0 0
5667409497 0 0 0
5667409497 0 0 0
5667409510 0 0 0
5667409510 0 0 0
5667409510 0 0 0
5667409510 0 0 0
5667409510 0 0 0
5667409510 0 0 0
5667409510 0 0 0
5667409510 0 0 0
5667409510 0 0 0
5667409510 0 0 0
5667409510 0 0 0
5667409523 0 0 0
5667409523 0 0 0
5667409523 0 0 0
5667409523 0 0 0
5667409523 0 0 0
5667409523 0 0 0
5667409523 0 0 0
5667409523 0 0 0
5667409523 0 0 0
5667409523 0 0 0
5667409523 0 0 0
5667409536 0 0 0
5667409536 0 0 0
5667409536 0 0 0
5667409536 0 0 0
5667409536 0 0 0
5667409536 0 0 0
5667409536 0 0 0
5667409536 0 0 0
5667409536 0 0 0
5667409536 0 0 0
5667409536 0 0 0
5667409549 0 0 0
5667409549 0 0 0
5667409549 0 0 0
5667409549 0 0 0
5667409549 0 0 0
5667409549 0 0 0
5667409549 0 0 0
5667409549 0 0 0
5667409549 0 0 0
5667409549 0 0 0
5667409549 0 0 0
5667409562 0 0 0
5667409562 0 0 0
5667409562 0 0 0
5667409562 0 0 0
5667409562 0 0 0
5667409562 0 0 0
5667409562 0 0 0
5667409562 0 0 0
5667409562 0 0 0
5667409562 0 0 0
5667409562 0 0 0
5667409575 0 0 0
5667409575 0 0 0
5667409575 0 0 0
5667409575 0 0 0
5667409575 0 0 0
5667409575 0 0 0
5667409575 0 0 0
5667409575 0 0 0
5667409575 0 0 0
5667409575 0 0 0
5667409575 0 0 0
5667409588 0 0 0
5667409588 0 0 0
5667409588 0 0 0
5667409588 0 0 0
5667409588 0 0 0
5667409588 0 0 0
5667409588 0 0 0
5667409588 0 0 0
5667409588 0 0 0
5667409588 0 0 0
5667409588 0 0 0
5667409601 0 0 0
5667409601 0 0 0
5667409601 0 0 0
5667409601 0 0 0
5667409601 0 0 0
5667409601 0 0 0
5667409601 0 0 0
5667409601 0 0 0
5667409601 0 0 0
5667409601 0 0 0
5667409601 0 0 0
5667409614 3097 0 2
5667409614 1623 0 1
5667409614 350 0 1
5667409614 5055 0 2
5667409614 2188 0 1
5667409614 5055 0 3
5667409614 0 0 0
5667409614 0 0 0
5667409614 0 0 0
5667409614 5055 0 2
5667409614 5055 0 2
5667409627 1958 0 1
5667409627 3432 0 1
5667409627 4705 0 3
5667409627 0 0 0
5667409627 2867 0 1
5667409627 0 0 0
5667409627 5055 0 2
5667409627 5055 0 2
5667409627 5055 0 2
5667409627 0 0 0
5667409627 0 0 0
5667409640 0 0 0
5667409640 0 0 0
5667409640 0 0 0
5667409640 0 0 0
5667409640 0 0 0
5667409640 0 0 0
5667409640 0 0 0
5667409640 0 0 0
5667409640 0 0 0
5667409640 0 0 0
5667409640 0 0 0
5667409653 0 0 0
5667409653 0 0 0
5667409653 0 0 0
5667409653 0 0 0
5667409653 0 0 0
5667409653 0 0 0
5667409653 0 0 0
5667409653 0 0 0
5667409653 0 0 0
5667409653 0 0 0
5667409653 0 0 0
5667409666 0 0 0
5667409666 0 0 0
5667409666 0 0 0
5667409666 0 0 0
5667409666 0 0 0
5667409666 0 0 0
5667409666 0 0 0
5667409666 0 0 0
5667409666 0 0 0
5667409666 0 0 0
5667409666 0 0 0
5667409679 0 0 0
5667409679 0 0 0
5667409679 0 0 0
5667409679 0 0 0
5667409679 0 0 0
5667409679 0 0 0
5667409679 0 0 0
5667409679 0 0 0
5667409679 0 0 0
5667409679 0 0 0
5667409679 0 0 0
5667409692 0 0 0
5667409692 0 0 0
5667409692 0 0 0
5667409692 0 0 0
5667409692 0 0 0
5667409692 0 0 0
5667409692 0 0 0
5667409692 0 0 0
5667409692 0 0 0
5667409692 0 0 0
5667409692 0 0 0
5667409705 0 0 0
5667409705 0 0 0
5667409705 0 0 0
5667409705 0 0 0
5667409705 0 0 0
5667409705 0 0 0
5667409705 0 0 0
5667409705 0 0 0
5667409705 0 0 0
5667409705 0 0 0
5667409705 0 0 0
5667409718 0 0 0
5667409718 0 0 0
5667409718 0 0 0
5667409718 0 0 0
5667409718 0 0 0
5667409718 0 0 0
5667409718 0 0 0
5667409718 0 0 0
5667409718 0 0 0
5667409718 0 0 0
5667409718 0 0 0
5667409731 0 0 0
5667409731 0 0 0
5667409731 0 0 0
5667409731 0 0 0
5667409731 0 0 0
5667409731 0 0 0
5667409731 0 0 0
5667409731 0 0 0
5667409731 0 0 0
5667409731 0 0 0
5667409731 0 0 0
5667409744 0 0 0
5667409744 0 0 0
5667409744 0 0 0
5667409744 0 0 0
5667409744 0 0 0
5667409744 0 0 0
5667409744 0 0 0
5667409744 0 0 0
5667409744 0 0 0
5667409744 0 0 0
5667409744 0 0 0
5667409757 0 0 0
5667409757 0 0 0
5667409757 0 0 0
5667409757 0 0 0
5667409757 0 0 0
5667409757 0 0 0
5667409757 0 0 0
5667409757 0 0 0
5667409757 0 0 0
5667409757 0 0 0
5667409757 0 0 0
5667409770 0 0 0
5667409770 0 0 0
5667409770 0 0 0
5667409770 0 0 0
5667409770 0 0 0
5667409770 0 0 0
5667409770 0 0 0
5667409770 0 0 0
5667409770 0 0 0
5667409770 0 0 0
5667409770 0 0 0
5667409783 0 0 0
5667409783 0 0 0
5667409783 0 0 0
5667409783 0 0 0
5667409783 0 0 0
5667409783 0 0 0
5667409783 0 0 0
5667409783 0 0 0
5667409783 0 0 0
5667409783 0 0 0
5667409783 0 0 0
5667409796 0 0 0
5667409796 0 0 0
5667409796 0 0 0
5667409796 0 0 0
5667409796 0 0 0
5667409796 0 0 0
5667409796 0 0 0
5667409796 0 0 0
5667409796 0 0 0
5667409796 0 0 0
5667409796 0 0 0
5667409809 0 0 0
5667409809 0 0 0
5667409809 0 0 0
5667409809 0 0 0
5667409809 0 0 0
5667409809 0 0 0
5667409809 0 0 0
5667409809 0 0 0
5667409809 0 0 0
5667409809 0 0 0
5667409809 0 0 0
5667409822 0 0 0
5667409822 0 0 0
5667409822 0 0 0
5667409822 0 0 0
5667409822 0 0 0
5667409822 0 0 0
5667409822 0 0 0
5667409822 0 0 0
5667409822 0 0 0
5667409822 0 0 0
5667409822 0 0 0
5667409835 0 0 0
5667409835 0 0 0
5667409835 0 0 0
5667409835 0 0 0
5667409835 0 0 0
5667409835 0 0 0
5667409835 0 0 0
5667409835 0 0 0
5667409835 0 0 0
5667409835 0 0 0
5667409835 0 0 0
5667409848 0 0 0
5667409848 0 0 0
5667409848 0 0 0
5667409848 0 0 0
5667409848 0 0 0
5667409848 0 0 0
5667409848 0 0 0
5667409848 0 0 0
5667409848 0 0 0
5667409848 0 0 0
5667409848 0 0 0
5667409861 0 0 0
5667409861 0 0 0
5667409861 0 0 0
5667409861 0 0 0
5667409861 0 0 0
5667409861 3853 0 2
5667409861 0 0 0
5667409861 0 0 0
5667409861 0 0 0
5667409861 4100 0 2
5667409861 0 0 0
5667409874 4100 0 2
5667409874 4100 0 2
5667409874 4100 0 2
5667409874 4100 0 2
5667409874 4100 0 3
5667409874 247 0 0
5667409874 4100 0 1
5667409874 4100 0 2
5667409874 4100 0 2
5667409874 0 0 0
5667409874 4100 0 2
5667409887 0 0 0
5667409887 0 0 0
5667409887 0 0 0
5667409887 0 0 0
5667409887 0 0 0
5667409887 0 0 0
5667409887 0 0 0
5667409887 0 0 0
5667409887 0 0 0
5667409887 0 0 0
5667409887 0 0 0
5667409900 0 0 0
5667409900 0 0 0
5667409900 0 0 0
5667409900 0 0 0
5667409900 0 0 0
5667409900 0 0 0
5667409900 0 0 0
5667409900 0 0 0
5667409900 0 0 0
5667409900 0 0 0
5667409900 0 0 0
5667409913 0 0 0
5667409913 0 0 0
5667409913 0 0 0
5667409913 0 0 0
5667409913 0 0 0
5667409913 0 0 0
5667409913 0 0 0
5667409913 0 0 0
5667409913 0 0 0
5667409913 0 0 0
5667409913 0 0 0
5667409926 0 0 0
5667409926 0 0 0
5667409926 0 0 0
5667409926 0 0 0
5667409926 0 0 0
5667409926 0 0 0
5667409926 0 0 0
5667409926 0 0 0
5667409926 0 0 0
5667409926 0 0 0
5667409926 0 0 0
5667409939 0 0 0
5667409939 0 0 0
5667409939 0 0 0
5667409939 0 0 0
5667409939 0 0 0
5667409939 0 0 0
5667409939 0 0 0
5667409939 0 0 0
5667409939 0 0 0
5667409939 0 0 0
5667409939 0 0 0
5667409952 0 0 0
5667409952 0 0 0
5667409952 0 0 0
5667409952 0 0 0
5667409952 0 0 0
5667409952 0 0 0
5667409952 0 0 0
5667409952 0 0 0
5667409952 0 0 0
5667409952 0 0 0
5667409952 0 0 0
5667409965 0 0 0
5667409965 0 0 0
5667409965 0 0 0
5667409965 0 0 0
5667409965 0 0 0
5667409965 0 0 0
5667409965 0 0 0
5667409965 0 0 0
5667409965 0 0 0
5667409965 0 0 0
5667409965 0 0 0
5667409978 0 0 0
5667409978 0 0 0
5667409978 0 0 0
5667409978 0 0 0
5667409978 0 0 0
5667409978 0 0 0
5667409978 0 0 0
5667409978 0 0 0
5667409978 0 0 0
5667409978 0 0 0
5667409978 0 0 0
5667409991 0 0 0
5667409991 0 0 0
5667409991 0 0 0
5667409991 0 0 0
5667409991 0 0 0
5667409991 0 0 0
5667409991 0 0 0
5667409991 0 0 0
5667409991 0 0 0
5667409991 0 0 0
5667409991 0 0 0
5667410005 0 0 0
5667410005 0 0 0
5667410005 0 0 0
5667410005 0 0 0
5667410005 0 0 0
5667410005 0 0 0
5667410005 0 0 0
5667410005 0 0 0
5667410005 0 0 0
5667410005 0 0 0
5667410005 0 0 0
5667410018 0 0 0
5667410018 0 0 0
5667410018 0 0 0
5667410018 0 0 0
5667410018 0 0 0
5667410018 0 0 0
5667410018 0 0 0
5667410018 0 0 0
5667410018 0 0 0
5667410018 0 0 0
5667410018 0 0 0
5667410031 0 0 0
5667410031 0 0 0
5667410031 0 0 0
5667410031 0 0 0
5667410031 0 0 0
5667410031 0 0 0
5667410031 0 0 0
5667410031 0 0 0
5667410031 0 0 0
5667410031 0 0 0
5667410031 0 0 0
5667410044 0 0 0
5667410044 0 0 0
5667410044 0 0 0
5667410044 0 0 0
5667410044 0 0 0
5667410044 0 0 0
5667410044 0 0 0
5667410044 0 0 0
5667410044 0 0 0
5667410044 0 0 0
5667410044 0 0 0
5667410057 0 0 0
5667410057 0 0 0
5667410057 0 0 0
5667410057 0 0 0
5667410057 0 0 0
5667410057 0 0 0
5667410057 0 0 0
5667410057 0 0 0
5667410057 0 0 0
5667410057 0 0 0
5667410057 0 0 0
5667410070 0 0 0
5667410070 0 0 0
5667410070 0 0 0
5667410070 0 0 0
5667410070 0 0 0
5667410070 0 0 0
5667410070 0 0 0
5667410070 0 0 0
5667410070 0 0 0
5667410070 0 0 0
5667410070 0 0 0
5667410083 0 0 0
5667410083 0 0 0
5667410083 0 0 0
5667410083 0 0 0
5667410083 0 0 0
5667410083 0 0 0
5667410083 0 0 0
5667410083 0 0 0
5667410083 0 0 0
5667410083 0 0 0
5667410083 0 0 0
5667410096 0 0 0
5667410096 0 0 0
5667410096 0 0 0
5667410096 0 0 0
5667410096 0 0 0
5667410096 0 0 0
5667410096 0 0 0
5667410096 0 0 0
5667410096 0 0 0
5667410096 0 0 0
5667410096 0 0 0
5667410109 0 0 0
5667410109 0 0 0
5667410109 0 0 0
5667410109 0 0 0
5667410109 0 0 0
5667410109 0 0 0
5667410109 0 0 0
5667410109 0 0 0
5667410109 0 0 0
5667410109 0 0 0
5667410109 0 0 0
5667410122 3438 0 1
5667410122 3438 0 2
5667410122 2683 0 2
5667410122 3438 0 2
5667410122 256 0 1
5667410122 3438 0 1
5667410122 592 0 1
5667410122 1647 0 1
5667410122 3438 0 2
5667410122 3438 0 1
5667410122 3438 0 2
5667410135 0 0 0
5667410135 0 0 0
5667410135 755 0 0
5667410135 0 0 0
5667410135 3182 0 2
5667410135 0 0 0
5667410135 2846 0 1
5667410135 1791 0 1
5667410135 0 0 0
5667410135 0 0 0
5667410135 0 0 0
5667410148 0 0 0
5667410148 0 0 0
5667410148 0 0 0
5667410148 0 0 0
5667410148 0 0 0
5667410148 0 0 0
5667410148 0 0 0
5667410148 0 0 0
5667410148 0 0 0
5667410148 0 0 0
5667410148 0 0 0
5667410161 0 0 0
5667410161 0 0 0
5667410161 0 0 0
5667410161 0 0 0
5667410161 0 0 0
5667410161 0 0 0
5667410161 0 0 0
5667410161 0 0 0
5667410161 0 0 0
5667410161 0 0 0
5667410161 0 0 0
5667410174 0 0 0
5667410174 0 0 0
5667410174 0 0 0
5667410174 0 0 0
5667410174 0 0 0
5667410174 0 0 0
5667410174 0 0 0
5667410174 0 0 0
5667410174 0 0 0
5667410174 0 0 0
5667410174 0 0 0
5667410187 0 0 0
5667410187 0 0 0
5667410187 0 0 0
5667410187 0 0 0
5667410187 0 0 0
5667410187 0 0 0
5667410187 0 0 0
5667410187 0 0 0
5667410187 0 0 0
5667410187 0 0 0
5667410187 0 0 0
5667410200 0 0 0
5667410200 0 0 0
5667410200 0 0 0
5667410200 0 0 0
5667410200 0 0 0
5667410200 0 0 0
5667410200 0 0 0
5667410200 0 0 0
5667410200 0 0 0
5667410200 0 0 0
5667410200 0 0 0
5667410213 0 0 0
5667410213 0 0 0
5667410213 0 0 0
5667410213 0 0 0
5667410213 0 0 0
5667410213 0 0 0
5667410213 0 0 0
5667410213 0 0 0
5667410213 0 0 0
5667410213 0 0 0
5667410213 0 0 0
5667410226 0 0 0
5667410226 0 0 0
5667410226 0 0 0
5667410226 0 0 0
5667410226 0 0 0
5667410226 0 0 0
5667410226 0 0 0
5667410226 0 0 0
5667410226 0 0 0
5667410226 0 0 0
5667410226 0 0 0
5667410239 0 0 0
5667410239 0 0 0
5667410239 0 0 0
5667410239 0 0 0
5667410239 0 0 0
5667410239 0 0 0
5667410239 0 0 0
5667410239 0 0 0
5667410239 0 0 0
5667410239 0 0 0
5667410239 0 0 0
5667410252 0 0 0
5667410252 0 0 0
5667410252 0 0 0
5667410252 0 0 0
5667410252 0 0 0
5667410252 0 0 0
5667410252 0 0 0
5667410252 0 0 0
5667410252 0 0 0
5667410252 0 0 0
5667410252 0 0 0
5667410265 0 0 0
5667410265 0 0 0
5667410265 0 0 0
5667410265 0 0 0
5667410265 0 0 0
5667410265 0 0 0
5667410265 0 0 0
5667410265 0 0 0
5667410265 0 0 0
5667410265 0 0 0
5667410265 0 0 0
5667410278 0 0 0
5667410278 0 0 0
5667410278 0 0 0
5667410278 0 0 0
5667410278 0 0 0
5667410278 0 0 0
5667410278 0 0 0
5667410278 0 0 0
5667410278 0 0 0
5667410278 0 0 0
5667410278 0 0 0
5667410291 0 0 0
5667410291 0 0 0
5667410291 0 0 0
5667410291 0 0 0
5667410291 0 0 0
5667410291 0 0 0
5667410291 0 0 0
5667410291 0 0 0
5667410291 0 0 0
5667410291 0 0 0
5667410291 0 0 0
5667410304 0 0 0
5667410304 0 0 0
5667410304 0 0 0
5667410304 0 0 0
5667410304 0 0 0
5667410304 0 0 0
5667410304 0 0 0
5667410304 0 0 0
5667410304 0 0 0
5667410304 0 0 0
5667410304 0 0 0
5667410317 0 0 0
5667410317 0 0 0
5667410317 0 0 0
5667410317 0 0 0
5667410317 0 0 0
5667410317 0 0 0
5667410317 0 0 0
5667410317 0 0 0
5667410317 0 0 0
5667410317 0 0 0
5667410317 0 0 0
5667410330 0 0 0
5667410330 0 0 0
5667410330 0 0 0
5667410330 0 0 0
5667410330 0 0 0
5667410330 0 0 0
5667410330 0 0 0
5667410330 0 0 0
5667410330 0 0 0
5667410330 0 0 0
5667410330 0 0 0
5667410343 0 0 0
5667410343 0 0 0
5667410343 0 0 0
5667410343 0 0 0
5667410343 0 0 0
5667410343 0 0 0
5667410343 0 0 0
5667410343 0 0 0
5667410343 0 0 0
5667410343 0 0 0
5667410343 0 0 0
5667410356 0 0 0
5667410356 0 0 0
5667410356 0 0 0
5667410356 0 0 0
5667410356 0 0 0
5667410356 0 0 0
5667410356 0 0 0
5667410356 0 0 0
5667410356 0 0 0
5667410356 0 0 0
5667410356 0 0 0
5667410369 0 0 0
5667410369 0 0 0
5667410369 0 0 0
5667410369 2807 0 2
5667410369 0 0 0
5667410369 2807 0 2
5667410369 0 0 0
5667410369 0 0 0
5667410369 0 0 0
5667410369 2807 0 1
5667410369 2807 0 2
5667410382 2807 0 1
5667410382 2807 0 3
5667410382 2807 0 3
5667410382 0 0 0
5667410382 2807 0 2
5667410382 0 0 0
5667410382 2807 0 3
5667410382 2807 0 4
5667410382 2807 0 2
5667410382 0 0 0
5667410382 0 0 0
5667410395 0 0 0
5667410395 0 0 0
5667410395 0 0 0
5667410395 0 0 0
5667410395 0 0 0
5667410395 0 0 0
5667410395 0 0 0
5667410395 0 0 0
5667410395 0 0 0
5667410395 0 0 0
5667410395 0 0 0
5667410408 0 0 0
5667410408 0 0 0
5667410408 0 0 0
5667410408 0 0 0
5667410408 0 0 0
5667410408 0 0 0
5667410408 0 0 0
5667410408 0 0 0
5667410408 0 0 0
5667410408 0 0 0
5667410408 0 0 0
5667410421 0 0 0
5667410421 0 0 0
5667410421 0 0 0
5667410421 0 0 0
5667410421 0 0 0
5667410421 0 0 0
5667410421 0 0 0
5667410421 0 0 0
5667410421 0 0 0
5667410421 0 0 0
5667410421 0 0 0
5667410434 0 0 0
5667410434 0 0 0
5667410434 0 0 0
5667410434 0 0 0
5667410434 0 0 0
5667410434 0 0 0
5667410434 0 0 0
5667410434 0 0 0
5667410434 0 0 0
5667410434 0 0 0
5667410434 0 0 0
5667410447 0 0 0
5667410447 0 0 0
5667410447 0 0 0
5667410447 0 0 0
5667410447 0 0 0
5667410447 0 0 0
5667410447 0 0 0
5667410447 0 0 0
5667410447 0 0 0
5667410447 0 0 0
5667410447 0 0 0
5667410460 0 0 0
5667410460 0 0 0
5667410460 0 0 0
5667410460 0 0 0
5667410460 0 0 0
5667410460 0 0 0
5667410460 0 0 0
5667410460 0 0 0
5667410460 0 0 0
5667410460 0 0 0
5667410460 0 0 0
5667410473 0 0 0
5667410473 0 0 0
5667410473 0 0 0
5667410473 0 0 0
5667410473 0 0 0
5667410473 0 0 0
5667410473 0 0 0
5667410473 0 0 0
5667410473 0 0 0
5667410473 0 0 0
5667410473 0 0 0
5667410486 0 0 0
5667410486 0 0 0
5667410486 0 0 0
5667410486 0 0 0
5667410486 0 0 0
5667410486 0 0 0
5667410486 0 0 0
5667410486 0 0 0
5667410486 0 0 0
5667410486 0 0 0
5667410486 0 0 0
5667410499 0 0 0
5667410499 0 0 0
5667410499 0 0 0
5667410499 0 0 0
5667410499 0 0 0
5667410499 0 0 0
5667410499 0 0 0
5667410499 0 0 0
5667410499 0 0 0
5667410499 0 0 0
5667410499 0 0 0
5667410512 0 0 0
5667410512 0 0 0
5667410512 0 0 0
5667410512 0 0 0
5667410512 0 0 0
5667410512 0 0 0
5667410512 0 0 0
5667410512 0 0 0
5667410512 0 0 0
5667410512 0 0 0
5667410512 0 0 0
5667410525 0 0 0
5667410525 0 0 0
5667410525 0 0 0
5667410525 0 0 0
5667410525 0 0 0
5667410525 0 0 0
5667410525 0 0 0
5667410525 0 0 0
5667410525 0 0 0
5667410525 0 0 0
5667410525 0 0 0
5667410538 0 0 0
5667410538 0 0 0
5667410538 0 0 0
5667410538 0 0 0
5667410538 0 0 0
5667410538 0 0 0
5667410538 0 0 0
5667410538 0 0 0
5667410538 0 0 0
5667410538 0 0 0
5667410538 0 0 0
5667410551 0 0 0
5667410551 0 0 0
5667410551 0 0 0
5667410551 0 0 0
5667410551 0 0 0
5667410551 0 0 0
5667410551 0 0 0
5667410551 0 0 0
5667410551 0 0 0
5667410551 0 0 0
5667410551 0 0 0
5667410564 0 0 0
5667410564 0 0 0
5667410564 0 0 0
5667410564 0 0 0
5667410564 0 0 0
5667410564 0 0 0
5667410564 0 0 0
5667410564 0 0 0
5667410564 0 0 0
5667410564 0 0 0
5667410564 0 0 0
5667410577 0 0 0
5667410577 0 0 0
5667410577 0 0 0
5667410577 0 0 0
5667410577 0 0 0
5667410577 0 0 0
5667410577 0 0 0
5667410577 0 0 0
5667410577 0 0 0
5667410577 0 0 0
5667410577 0 0 0
5667410590 0 0 0
5667410590 0 0 0
5667410590 0 0 0
5667410590 0 0 0
5667410590 0 0 0
5667410590 0 0 0
5667410590 0 0 0
5667410590 0 0 0
5667410590 0 0 0
5667410590 0 0 0
5667410590 0 0 0
5667410603 0 0 0
5667410603 0 0 0
5667410603 0 0 0
5667410603 0 0 0
5667410603 0 0 0
5667410603 0 0 0
5667410603 0 0 0
5667410603 0 0 0
5667410603 0 0 0
5667410603 0 0 0
5667410603 0 0 0
5667410616 0 0 0
5667410616 0 0 0
5667410616 0 0 0
5667410616 0 0 0
5667410616 0 0 0
5667410616 1966 0 1
5667410616 0 0 0
5667410616 0 0 0
5667410616 0 0 0
5667410616 826 0 1
5667410616 0 0 0
5667410629 2315 0 2
5667410629 2315 0 1
5667410629 2315 0 1
5667410629 2315 0 1
5667410629 0 0 0
5667410629 349 0 0
5667410629 924 0 1
5667410629 0 0 0
5667410629 2315 0 2
5667410629 1489 0 0
5667410629 2315 0 2
5667410642 0 0 0
5667410642 0 0 0
5667410642 0 0 0
5667410642 0 0 0
5667410642 2315 0 1
5667410642 0 0 0
5667410642 1391 0 1
5667410642 2315 0 2
5667410642 0 0 0
5667410642 0 0 0
5667410642 0 0 0
5667410655 0 0 0
5667410655 0 0 0
5667410655 0 0 0
5667410655 0 0 0
5667410655 0 0 0
5667410655 0 0 0
5667410655 0 0 0
5667410655 0 0 0
5667410655 0 0 0
5667410655 0 0 0
5667410655 0 0 0
5667410668 0 0 0
5667410668 0 0 0
5667410668 0 0 0
5667410668 0 0 0
5667410668 0 0 0
5667410668 0 0 0
5667410668 0 0 0
5667410668 0 0 0
5667410668 0 0 0
5667410668 0 0 0
5667410668 0 0 0
5667410681 0 0 0
5667410681 0 0 0
5667410681 0 0 0
5667410681 0 0 0
5667410681 0 0 0
5667410681 0 0 0
5667410681 0 0 0
5667410681 0 0 0
5667410681 0 0 0
5667410681 0 0 0
5667410681 0 0 0
5667410694 0 0 0
5667410694 0 0 0
5667410694 0 0 0
5667410694 0 0 0
5667410694 0 0 0
5667410694 0 0 0
5667410694 0 0 0
5667410694 0 0 0
5667410694 0 0 0
5667410694 0 0 0
5667410694 0 0 0
5667410707 0 0 0
5667410707 0 0 0
5667410707 0 0 0
5667410707 0 0 0
5667410707 0 0 0
5667410707 0 0 0
5667410707 0 0 0
5667410707 0 0 0
5667410707 0 0 0
5667410707 0 0 0
5667410707 0 0 0
5667410720 0 0 0
5667410720 0 0 0
5667410720 0 0 0
5667410720 0 0 0
5667410720 0 0 0
5667410720 0 0 0
5667410720 0 0 0
5667410720 0 0 0
5667410720 0 0 0
5667410720 0 0 0
5667410720 0 0 0
5667410733 0 0 0
5667410733 0 0 0
5667410733 0 0 0
5667410733 0 0 0
5667410733 0 0 0
5667410733 0 0 0
5667410733 0 0 0
5667410733 0 0 0
5667410733 0 0 0
5667410733 0 0 0
5667410733 0 0 0
5667410746 0 0 0
5667410746 0 0 0
5667410746 0 0 0
5667410746 0 0 0
5667410746 0 0 0
5667410746 0 0 0
5667410746 0 0 0
5667410746 0 0 0
5667410746 0 0 0
5667410746 0 0 0
5667410746 0 0 0
5667410759 0 0 0
5667410759 0 0 0
5667410759 0 0 0
5667410759 0 0 0
5667410759 0 0 0
5667410759 0 0 0
5667410759 0 0 0
5667410759 0 0 0
5667410759 0 0 0
5667410759 0 0 0
5667410759 0 0 0
5667410772 0 0 0
5667410772 0 0 0
5667410772 0 0 0
5667410772 0 0 0
5667410772 0 0 0
5667410772 0 0 0
5667410772 0 0 0
5667410772 0 0 0
5667410772 0 0 0
5667410772 0 0 0
5667410772 0 0 0
5667410785 0 0 0
5667410785 0 0 0
5667410785 0 0 0
5667410785 0 0 0
5667410785 0 0 0
5667410785 0 0 0
5667410785 0 0 0
5667410785 0 0 0
5667410785 0 0 0
5667410785 0 0 0
5667410785 0 0 0
5667410798 0 0 0
5667410798 0 0 0
5667410798 0 0 0
5667410798 0 0 0
5667410798 0 0 0
5667410798 0 0 0
5667410798 0 0 0
5667410798 0 0 0
5667410798 0 0 0
5667410798 0 0 0
5667410798 0 0 0
5667410811 0 0 0
5667410811 0 0 0
5667410811 0 0 0
5667410811 0 0 0
5667410811 0 0 0
5667410811 0 0 0
5667410811 0 0 0
5667410811 0 0 0
5667410811 0 0 0
5667410811 0 0 0
5667410811 0 0 0
5667410824 0 0 0
5667410824 0 0 0
5667410824 0 0 0
5667410824 0 0 0
5667410824 0 0 0
5667410824 0 0 0
5667410824 0 0 0
5667410824 0 0 0
5667410824 0 0 0
5667410824 0 0 0
5667410824 0 0 0
5667410837 0 0 0
5667410837 0 0 0
5667410837 0 0 0
5667410837 0 0 0
5667410837 0 0 0
5667410837 0 0 0
5667410837 0 0 0
5667410837 0 0 0
5667410837 0 0 0
5667410837 0 0 0
5667410837 0 0 0
5667410850 0 0 0
5667410850 0 0 0
5667410850 0 0 0
5667410850 0 0 0
5667410850 0 0 0
5667410850 0 0 0
5667410850 0 0 0
5667410850 0 0 0
5667410850 0 0 0
5667410850 0 0 0
5667410850 0 0 0
5667410863 0 0 0
5667410863 0 0 0
5667410863 0 0 0
5667410863 0 0 0
5667410863 0 0 0
5667410863 0 0 0
5667410863 0 0 0
5667410863 0 0 0
5667410863 0 0 0
5667410863 0 0 0
5667410863 0 0 0
5667410876 1874 0 0
5667410876 0 0 0
5667410876 0 0 0
5667410876 1874 0 2
5667410876 0 0 0
5667410876 1874 0 1
5667410876 0 0 0
5667410876 0 0 0
5667410876 0 0 0
5667410876 1874 0 1
5667410876 1874 0 1
5667410889 0 0 0
5667410889 1874 0 0
5667410889 1874 0 2
5667410889 0 0 0
5667410889 1874 0 1
5667410889 0 0 0
5667410889 1874 0 2
5667410889 1874 0 1
5667410889 1874 0 1
5667410889 0 0 0
5667410889 0 0 0
5667410902 0 0 0
5667410902 0 0 0
5667410902 0 0 0
5667410902 0 0 0
5667410902 0 0 0
5667410902 0 0 0
5667410902 0 0 0
5667410902 0 0 0
5667410902 0 0 0
5667410902 0 0 0
5667410902 0 0 0
5667410915 0 0 0
5667410915 0 0 0
5667410915 0 0 0
5667410915 0 0 0
5667410915 0 0 0
5667410915 0 0 0
5667410915 0 0 0
5667410915 0 0 0
5667410915 0 0 0
5667410915 0 0 0
5667410915 0 0 0
5667410928 0 0 0
5667410928 0 0 0
5667410928 0 0 0
5667410928 0 0 0
5667410928 0 0 0
5667410928 0 0 0
5667410928 0 0 0
5667410928 0 0 0
5667410928 0 0 0
5667410928 0 0 0
5667410928 0 0 0
5667410941 0 0 0
5667410941 0 0 0
5667410941 0 0 0
5667410941 0 0 0
5667410941 0 0 0
5667410941 0 0 0
5667410941 0 0 0
5667410941 0 0 0
5667410941 0 0 0
5667410941 0 0 0
5667410941 0 0 0
5667410954 0 0 0
5667410954 0 0 0
5667410954 0 0 0
5667410954 0 0 0
5667410954 0 0 0
5667410954 0 0 0
5667410954 0 0 0
5667410954 0 0 0
5667410954 0 0 0
5667410954 0 0 0
5667410954 0 0 0
5667410967 0 0 0
5667410967 0 0 0
5667410967 0 0 0
5667410967 0 0 0
5667410967 0 0 0
5667410967 0 0 0
5667410967 0 0 0
5667410967 0 0 0
5667410967 0 0 0
5667410967 0 0 0
5667410967 0 0 0
5667410980 0 0 0
5667410980 0 0 0
5667410980 0 0 0
5667410980 0 0 0
5667410980 0 0 0
5667410980 0 0 0
5667410980 0 0 0
5667410980 0 0 0
5667410980 0 0 0
5667410980 0 0 0
5667410980 0 0 0
5667410993 0 0 0
5667410993 0 0 0
5667410993 0 0 0
5667410993 0 0 0
5667410993 0 0 0
5667410993 0 0 0
5667410993 0 0 0
5667410993 0 0 0
5667410993 0 0 0
5667410993 0 0 0
5667410993 0 0 0
5667411006 0 0 0
5667411006 0 0 0
5667411006 0 0 0
5667411006 0 0 0
5667411006 0 0 0
5667411006 0 0 0
5667411006 0 0 0
5667411006 0 0 0
5667411006 0 0 0
5667411006 0 0 0
5667411006 0 0 0
5667411019 0 0 0
5667411019 0 0 0
5667411019 0 0 0
5667411019 0 0 0
5667411019 0 0 0
5667411019 0 0 0
5667411019 0 0 0
5667411019 0 0 0
5667411019 0 0 0
5667411019 0 0 0
5667411019 0 0 0
5667411032 0 0 0
5667411032 0 0 0
5667411032 0 0 0
5667411032 0 0 0
5667411032 0 0 0
5667411032 0 0 0
5667411032 0 0 0
5667411032 0 0 0
5667411032 0 0 0
5667411032 0 0 0
5667411032 0 0 0
5667411045 0 0 0
5667411045 0 0 0
5667411045 0 0 0
5667411045 0 0 0
5667411045 0 0 0
5667411045 0 0 0
5667411045 0 0 0
5667411045 0 0 0
5667411045 0 0 0
5667411045 0 0 0
5667411045 0 0 0
5667411058 0 0 0
5667411058 0 0 0
5667411058 0 0 0
5667411058 0 0 0
5667411058 0 0 0
5667411058 0 0 0
5667411058 0 0 0
5667411058 0 0 0
5667411058 0 0 0
5667411058 0 0 0
5667411058 0 0 0
5667411071 0 0 0
5667411071 0 0 0
5667411071 0 0 0
5667411071 0 0 0
5667411071 0 0 0
5667411071 0 0 0
5667411071 0 0 0
5667411071 0 0 0
5667411071 0 0 0
5667411071 0 0 0
5667411071 0 0 0
5667411084 0 0 0
5667411084 0 0 0
5667411084 0 0 0
5667411084 0 0 0
5667411084 0 0 0
5667411084 0 0 0
5667411084 0 0 0
5667411084 0 0 0
5667411084 0 0 0
5667411084 0 0 0
5667411084 0 0 0
5667411097 0 0 0
5667411097 0 0 0
5667411097 0 0 0
5667411097 0 0 0
5667411097 0 0 0
5667411097 0 0 0
5667411097 0 0 0
5667411097 0 0 0
5667411097 0 0 0
5667411097 0 0 0
5667411097 0 0 0
5667411110 0 0 0
5667411110 0 0 0
5667411110 0 0 0
5667411110 0 0 0
5667411110 0 0 0
5667411110 0 0 0
5667411110 0 0 0
5667411110 0 0 0
5667411110 0 0 0
5667411110 0 0 0
5667411110 0 0 0
5667411123 0 0 0
5667411123 0 0 0
5667411123 0 0 0
5667411123 1602 0 1
5667411123 0 0 0
5667411123 1602 0 1
5667411123 0 0 0
5667411123 0 0 0
5667411123 0 0 0
5667411123 1602 0 1
5667411123 665 0 2
5667411136 1602 0 2
5667411136 1112 0 3
5667411136 1602 0 1
5667411136 0 0 0
5667411136 1602 0 2
5667411136 0 0 0
5667411136 1602 0 2
5667411136 863 0 4
5667411136 1602 0 1
5667411136 0 0 0
5667411136 937 0 0
5667411149 0 0 0
5667411149 490 0 0
5667411149 0 0 0
5667411149 0 0 0
5667411149 0 0 0
5667411149 0 0 0
5667411149 0 0 0
5667411149 0 0 13
5667411149 0 0 0
5667411149 0 0 0
5667411149 0 0 0
5667411162 0 0 0
5667411162 0 0 0
5667411162 0 0 0
5667411162 0 0 0
5667411162 0 0 0
5667411162 0 0 0
5667411162 0 0 0
5667411162 0 0 13
5667411162 0 0 0
5667411162 0 0 0
5667411162 0 0 0
5667411175 0 0 0
5667411175 0 0 0
5667411175 0 0 0
5667411175 0 0 0
5667411175 0 0 0
5667411175 0 0 0
5667411175 0 0 0
5667411175 739 0 3
5667411175 0 0 0
5667411175 0 0 0
5667411175 0 0 0
5667411188 0 0 0
5667411188 0 0 0
5667411188 0 0 0
5667411188 0 0 0
5667411188 0 0 0
5667411188 0 0 0
5667411188 0 0 0
5667411188 0 0 0
5667411188 0 0 0
5667411188 0 0 0
5667411188 0 0 0
5667411201 0 0 0
5667411201 0 0 0
5667411201 0 0 0
5667411201 0 0 0
5667411201 0 0 0
5667411201 0 0 0
5667411201 0 0 0
5667411201 0 0 0
5667411201 0 0 0
5667411201 0 0 0
5667411201 0 0 0
5667411214 0 0 0
5667411214 0 0 0
5667411214 0 0 0
5667411214 0 0 0
5667411214 0 0 0
5667411214 0 0 0
5667411214 0 0 0
5667411214 0 0 0
5667411214 0 0 0
5667411214 0 0 0
5667411214 0 0 0
5667411227 0 0 0
5667411227 0 0 0
5667411227 0 0 0
5667411227 0 0 0
5667411227 0 0 0
5667411227 0 0 0
5667411227 0 0 0
5667411227 0 0 0
5667411227 0 0 0
5667411227 0 0 0
5667411227 0 0 0
5667411240 0 0 0
5667411240 0 0 0
5667411240 0 0 0
5667411240 0 0 0
5667411240 0 0 0
5667411240 0 0 0
5667411240 0 0 0
5667411240 0 0 0
5667411240 0 0 0
5667411240 0 0 0
5667411240 0 0 0
5667411253 0 0 0
5667411253 0 0 0
5667411253 0 0 0
5667411253 0 0 0
5667411253 0 0 0
5667411253 0 0 0
5667411253 0 0 0
5667411253 0 0 0
5667411253 0 0 0
5667411253 0 0 0
5667411253 0 0 0
5667411266 0 0 0
5667411266 0 0 0
5667411266 0 0 0
5667411266 0 0 0
5667411266 0 0 0
5667411266 0 0 0
5667411266 0 0 0
5667411266 0 0 0
5667411266 0 0 0
5667411266 0 0 0
5667411266 0 0 0
5667411279 0 0 0
5667411279 0 0 0
5667411279 0 0 0
5667411279 0 0 0
5667411279 0 0 0
5667411279 0 0 0
5667411279 0 0 0
5667411279 0 0 0
5667411279 0 0 0
5667411279 0 0 0
5667411279 0 0 0
5667411292 0 0 0
5667411292 0 0 0
5667411292 0 0 0
5667411292 0 0 0
5667411292 0 0 0
5667411292 0 0 0
5667411292 0 0 0
5667411292 0 0 0
5667411292 0 0 0
5667411292 0 0 0
5667411292 0 0 0
5667411305 0 0 0
5667411305 0 0 0
5667411305 0 0 0
5667411305 0 0 0
5667411305 0 0 0
5667411305 0 0 0
5667411305 0 0 0
5667411305 0 0 0
5667411305 0 0 0
5667411305 0 0 0
5667411305 0 0 0
5667411318 0 0 0
5667411318 0 0 0
5667411318 0 0 0
5667411318 0 0 0
5667411318 0 0 0
5667411318 0 0 0
5667411318 0 0 0
5667411318 0 0 0
5667411318 0 0 0
5667411318 0 0 0
5667411318 0 0 0
5667411331 0 0 0
5667411331 0 0 0
5667411331 0 0 0
5667411331 0 0 0
5667411331 0 0 0
5667411331 0 0 0
5667411331 0 0 0
5667411331 0 0 0
5667411331 0 0 0
5667411331 0 0 0
5667411331 0 0 0
5667411344 0 0 0
5667411344 0 0 0
5667411344 0 0 0
5667411344 0 0 0
5667411344 0 0 0
5667411344 0 0 0
5667411344 0 0 0
5667411344 0 0 0
5667411344 0 0 0
5667411344 0 0 0
5667411344 0 0 0
5667411357 0 0 0
5667411357 0 0 0
5667411357 0 0 0
5667411357 0 0 0
5667411357 0 0 0
5667411357 0 0 0
5667411357 0 0 0
5667411357 0 0 0
5667411357 0 0 0
5667411357 0 0 0
5667411357 0 0 0
5667411370 0 0 0
5667411370 0 0 0
5667411370 0 0 0
5667411370 0 0 0
5667411370 0 0 0
5667411370 1252 0 1
5667411370 0 0 0
5667411370 0 0 0
5667411370 0 0 0
5667411370 787 0 1
5667411370 0 0 0
5667411383 1252 0 1
5667411383 0 0 0
5667411383 980 0 1
5667411383 1252 0 1
5667411383 0 0 0
5667411383 0 0 0
5667411383 0 0 0
5667411383 0 0 0
5667411383 1252 0 1
5667411383 465 0 0
5667411383 1252 0 1
5667411396 0 0 0
5667411396 1252 0 1
5667411396 272 0 0
5667411396 0 0 0
5667411396 1252 0 1
5667411396 0 0 0
5667411396 1252 0 1
5667411396 0 0 0
5667411396 0 0 0
5667411396 0 0 0
5667411396 0 0 0
5667411409 0 0 0
5667411409 0 0 0
5667411409 0 0 0
5667411409 0 0 0
5667411409 0 0 0
5667411409 0 0 0
5667411409 0 0 0
5667411409 0 0 0
5667411409 0 0 0
5667411409 0 0 0
5667411409 0 0 0
5667411422 0 0 0
5667411422 0 0 0
5667411422 0 0 0
5667411422 0 0 0
5667411422 0 0 0
5667411422 0 0 0
5667411422 0 0 0
5667411422 1252 0 1
5667411422 0 0 0
5667411422 0 0 0
5667411422 0 0 0
5667411435 0 0 0
5667411435 0 0 0
5667411435 0 0 0
5667411435 0 0 0
5667411435 0 0 0
5667411435 0 0 0
5667411435 0 0 0
5667411435 0 0 0
5667411435 0 0 0
5667411435 0 0 0
5667411435 0 0 0
5667411448 0 0 0
5667411448 0 0 0
5667411448 0 0 0
5667411448 0 0 0
5667411448 0 0 0
5667411448 0 0 0
5667411448 0 0 0
5667411448 0 0 0
5667411448 0 0 0
5667411448 0 0 0
5667411448 0 0 0
5667411461 0 0 0
5667411461 0 0 0
5667411461 0 0 0
5667411461 0 0 0
5667411461 0 0 0
5667411461 0 0 0
5667411461 0 0 0
5667411461 0 0 0
5667411461 0 0 0
5667411461 0 0 0
5667411461 0 0 0
5667411474 0 0 0
5667411474 0 0 0
5667411474 0 0 0
5667411474 0 0 0
5667411474 0 0 0
5667411474 0 0 0
5667411474 0 0 0
5667411474 0 0 0
5667411474 0 0 0
5667411474 0 0 0
5667411474 0 0 0
5667411487 0 0 0
5667411487 0 0 0
5667411487 0 0 0
5667411487 0 0 0
5667411487 0 0 0
5667411487 0 0 0
5667411487 0 0 0
5667411487 0 0 0
5667411487 0 0 0
5667411487 0 0 0
5667411487 0 0 0
5667411500 0 0 0
5667411500 0 0 0
5667411500 0 0 0
5667411500 0 0 0
5667411500 0 0 0
5667411500 0 0 0
5667411500 0 0 0
5667411500 0 0 0
5667411500 0 0 0
5667411500 0 0 0
5667411500 0 0 0
5667411513 0 0 0
5667411513 0 0 0
5667411513 0 0 0
5667411513 0 0 0
5667411513 0 0 0
5667411513 0 0 0
5667411513 0 0 0
5667411513 0 0 0
5667411513 0 0 0
5667411513 0 0 0
5667411513 0 0 0
5667411527 0 0 0
5667411527 0 0 0
5667411527 0 0 0
5667411527 0 0 0
5667411527 0 0 0
5667411527 0 0 0
5667411527 0 0 0
5667411527 0 0 0
5667411527 0 0 0
5667411527 0 0 0
5667411527 0 0 0
5667411540 0 0 0
5667411540 0 0 0
5667411540 0 0 0
5667411540 0 0 0
5667411540 0 0 0
5667411540 0 0 0
5667411540 0 0 0
5667411540 0 0 0
5667411540 0 0 0
5667411540 0 0 0
5667411540 0 0 0
5667411553 0 0 0
5667411553 0 0 0
5667411553 0 0 0
5667411553 0 0 0
5667411553 0 0 0
5667411553 0 0 0
5667411553 0 0 0
5667411553 0 0 0
5667411553 0 0 0
5667411553 0 0 0
5667411553 0 0 0
5667411566 0 0 0
5667411566 0 0 0
5667411566 0 0 0
5667411566 0 0 0
5667411566 0 0 0
5667411566 0 0 0
5667411566 0 0 0
5667411566 0 0 0
5667411566 0 0 0
5667411566 0 0 0
5667411566 0 0 0
5667411579 0 0 0
5667411579 0 0 0
5667411579 0 0 0
5667411579 0 0 0
5667411579 0 0 0
5667411579 0 0 0
5667411579 0 0 0
5667411579 0 0 0
5667411579 0 0 0
5667411579 0 0 0
5667411579 0 0 0
5667411592 0 0 0
5667411592 0 0 0
5667411592 0 0 0
5667411592 0 0 0
5667411592 0 0 0
5667411592 0 0 0
5667411592 0 0 0
5667411592 0 0 0
5667411592 0 0 0
5667411592 0 0 0
5667411592 0 0 0
5667411605 0 0 0
5667411605 0 0 0
5667411605 0 0 0
5667411605 0 0 0
5667411605 0 0 0
5667411605 0 0 0
5667411605 0 0 0
5667411605 0 0 0
5667411605 0 0 0
5667411605 0 0 0
5667411605 0 0 0
5667411618 0 0 0
5667411618 0 0 0
5667411618 0 0 0
5667411618 0 0 0
5667411618 0 0 0
5667411618 0 0 0
5667411618 0 0 0
5667411618 0 0 0
5667411618 0 0 0
5667411618 0 0 0
5667411618 0 0 0
5667411631 982 0 1
5667411631 0 0 0
5667411631 0 0 0
5667411631 982 0 1
5667411631 0 0 0
5667411631 982 0 1
5667411631 0 0 0
5667411631 0 0 0
5667411631 982 0 1
5667411631 982 0 1
5667411631 982 0 1
5667411644 0 0 0
5667411644 982 0 1
5667411644 982 0 0
5667411644 0 0 0
5667411644 982 0 1
5667411644 0 0 0
5667411644 982 0 1
5667411644 0 0 0
5667411644 0 0 0
5667411644 0 0 0
5667411644 0 0 0
5667411657 0 0 0
5667411657 0 0 0
5667411657 0 0 0
5667411657 0 0 0
5667411657 0 0 0
5667411657 0 0 0
5667411657 0 0 0
5667411657 0 0 0
5667411657 0 0 0
5667411657 0 0 0
5667411657 0 0 0
5667411670 0 0 0
5667411670 0 0 0
5667411670 0 0 0
5667411670 0 0 0
5667411670 0 0 0
5667411670 0 0 0
5667411670 0 0 0
5667411670 982 0 1
5667411670 0 0 0
5667411670 0 0 0
5667411670 0 0 0
5667411683 0 0 0
5667411683 0 0 0
5667411683 0 0 0
5667411683 0 0 0
5667411683 0 0 0
5667411683 0 0 0
5667411683 0 0 0
5667411683 0 0 0
5667411683 0 0 0
5667411683 0 0 0
5667411683 0 0 0
5667411696 0 0 0
5667411696 0 0 0
5667411696 0 0 0
5667411696 0 0 0
5667411696 0 0 0
5667411696 0 0 0
5667411696 0 0 0
5667411696 0 0 0
5667411696 0 0 0
5667411696 0 0 0
5667411696 0 0 0
5667411709 0 0 0
5667411709 0 0 0
5667411709 0 0 0
5667411709 0 0 0
5667411709 0 0 0
5667411709 0 0 0
5667411709 0 0 0
5667411709 0 0 0
5667411709 0 0 0
5667411709 0 0 0
5667411709 0 0 0
5667411722 0 0 0
5667411722 0 0 0
5667411722 0 0 0
5667411722 0 0 0
5667411722 0 0 0
5667411722 0 0 0
5667411722 0 0 0
5667411722 0 0 0
5667411722 0 0 0
5667411722 0 0 0
5667411722 0 0 0
5667411735 0 0 0
5667411735 0 0 0
5667411735 0 0 0
5667411735 0 0 0
5667411735 0 0 0
5667411735 0 0 0
5667411735 0 0 0
5667411735 0 0 0
5667411735 0 0 0
5667411735 0 0 0
5667411735 0 0 0
5667411748 0 0 0
5667411748 0 0 0
5667411748 0 0 0
5667411748 0 0 0
5667411748 0 0 0
5667411748 0 0 0
5667411748 0 0 0
5667411748 0 0 0
5667411748 0 0 0
5667411748 0 0 0
5667411748 0 0 0
5667411761 0 0 0
5667411761 0 0 0
5667411761 0 0 0
5667411761 0 0 0
5667411761 0 0 0
5667411761 0 0 0
5667411761 0 0 0
5667411761 0 0 0
5667411761 0 0 0
5667411761 0 0 0
5667411761 0 0 0
5667411774 0 0 0
5667411774 0 0 0
5667411774 0 0 0
5667411774 0 0 0
5667411774 0 0 0
5667411774 0 0 0
5667411774 0 0 0
5667411774 0 0 0
5667411774 0 0 0
5667411774 0 0 0
5667411774 0 0 0
5667411787 0 0 0
5667411787 0 0 0
5667411787 0 0 0
5667411787 0 0 0
5667411787 0 0 0
5667411787 0 0 0
5667411787 0 0 0
5667411787 0 0 0
5667411787 0 0 0
5667411787 0 0 0
5667411787 0 0 0
5667411800 0 0 0
5667411800 0 0 0
5667411800 0 0 0
5667411800 0 0 0
5667411800 0 0 0
5667411800 0 0 0
5667411800 0 0 0
5667411800 0 0 0
5667411800 0 0 0
5667411800 0 0 0
5667411800 0 0 0
5667411813 0 0 0
5667411813 0 0 0
5667411813 0 0 0
5667411813 0 0 0
5667411813 0 0 0
5667411813 0 0 0
5667411813 0 0 0
5667411813 0 0 0
5667411813 0 0 0
5667411813 0 0 0
5667411813 0 0 0
5667411826 0 0 0
5667411826 0 0 0
5667411826 0 0 0
5667411826 0 0 0
5667411826 0 0 0
5667411826 0 0 0
5667411826 0 0 0
5667411826 0 0 0
5667411826 0 0 0
5667411826 0 0 0
5667411826 0 0 0
5667411839 0 0 0
5667411839 0 0 0
5667411839 0 0 0
5667411839 0 0 0
5667411839 0 0 0
5667411839 0 0 0
5667411839 0 0 0
5667411839 0 0 0
5667411839 0 0 0
5667411839 0 0 0
5667411839 0 0 0
5667411852 0 0 0
5667411852 0 0 0
5667411852 0 0 0
5667411852 0 0 0
5667411852 0 0 0
5667411852 0 0 0
5667411852 0 0 0
5667411852 0 0 0
5667411852 0 0 0
5667411852 0 0 0
5667411852 0 0 0
5667411865 0 0 0
5667411865 0 0 0
5667411865 0 0 0
5667411865 0 0 0
5667411865 0 0 0
5667411865 0 0 0
5667411865 0 0 0
5667411865 0 0 0
5667411865 0 0 0
5667411865 0 0 0
5667411865 0 0 0
5667411878 0 0 0
5667411878 0 0 0
5667411878 0 0 0
5667411878 897 0 0
5667411878 0 0 0
5667411878 897 0 1
5667411878 0 0 0
5667411878 0 0 0
5667411878 0 0 0
5667411878 897 0 0
5667411878 897 0 1
5667411891 897 0 1
5667411891 897 0 1
5667411891 897 0 0
5667411891 0 0 0
5667411891 897 0 1
5667411891 0 0 0
5667411891 897 0 1
5667411891 0 0 0
5667411891 897 0 0
5667411891 0 0 0
5667411891 0 0 0
5667411904 0 0 0
5667411904 0 0 0
5667411904 0 0 0
5667411904 0 0 0
5667411904 0 0 0
5667411904 0 0 0
5667411904 0 0 0
5667411904 0 0 0
5667411904 0 0 0
5667411904 0 0 0
5667411904 0 0 0
5667411917 0 0 0
5667411917 0 0 0
5667411917 0 0 0
5667411917 0 0 0
5667411917 0 0 0
5667411917 0 0 0
5667411917 0 0 0
5667411917 0 0 0
5667411917 0 0 0
5667411917 0 0 0
5667411917 0 0 0
5667411930 0 0 0
5667411930 0 0 0
5667411930 0 0 0
5667411930 0 0 0
5667411930 0 0 0
5667411930 0 0 0
5667411930 0 0 0
5667411930 897 0 0
5667411930 0 0 0
5667411930 0 0 0
5667411930 0 0 0
5667411943 0 0 0
5667411943 0 0 0
5667411943 0 0 0
5667411943 0 0 0
5667411943 0 0 0
5667411943 0 0 0
5667411943 0 0 0
5667411943 0 0 0
5667411943 0 0 0
5667411943 0 0 0
5667411943 0 0 0
5667411956 0 0 0
5667411956 0 0 0
5667411956 0 0 0
5667411956 0 0 0
5667411956 0 0 0
5667411956 0 0 0
5667411956 0 0 0
5667411956 0 0 0
5667411956 0 0 0
5667411956 0 0 0
5667411956 0 0 0
5667411969 0 0 0
5667411969 0 0 0
5667411969 0 0 0
5667411969 0 0 0
5667411969 0 0 0
5667411969 0 0 0
5667411969 0 0 0
5667411969 0 0 0
5667411969 0 0 0
5667411969 0 0 0
5667411969 0 0 0
5667411982 0 0 0
5667411982 0 0 0
5667411982 0 0 0
5667411982 0 0 0
5667411982 0 0 0
5667411982 0 0 0
5667411982 0 0 0
5667411982 0 0 0
5667411982 0 0 0
5667411982 0 0 0
5667411982 0 0 0
5667411995 0 0 0
5667411995 0 0 0
5667411995 0 0 0
5667411995 0 0 0
5667411995 0 0 0
5667411995 0 0 0
5667411995 0 0 0
5667411995 0 0 0
5667411995 0 0 0
5667411995 0 0 0
5667411995 0 0 0
5667412008 0 0 0
5667412008 0 0 0
5667412008 0 0 0
5667412008 0 0 0
5667412008 0 0 0
5667412008 0 0 0
5667412008 0 0 0
5667412008 0 0 0
5667412008 0 0 0
5667412008 0 0 0
5667412008 0 0 0
5667412021 0 0 0
5667412021 0 0 0
5667412021 0 0 0
5667412021 0 0 0
5667412021 0 0 0
5667412021 0 0 0
5667412021 0 0 0
5667412021 0 0 0
5667412021 0 0 0
5667412021 0 0 0
5667412021 0 0 0
5667412034 0 0 0
5667412034 0 0 0
5667412034 0 0 0
5667412034 0 0 0
5667412034 0 0 0
5667412034 0 0 0
5667412034 0 0 0
5667412034 0 0 0
5667412034 0 0 0
5667412034 0 0 0
5667412034 0 0 0
5667412047 0 0 0
5667412047 0 0 0
5667412047 0 0 0
5667412047 0 0 0
5667412047 0 0 0
5667412047 0 0 0
5667412047 0 0 0
5667412047 0 0 0
5667412047 0 0 0
5667412047 0 0 0
5667412047 0 0 0
5667412060 0 0 0
5667412060 0 0 0
5667412060 0 0 0
5667412060 0 0 0
5667412060 0 0 0
5667412060 0 0 0
5667412060 0 0 0
5667412060 0 0 0
5667412060 0 0 0
5667412060 0 0 0
5667412060 0 0 0
5667412073 0 0 0
5667412073 0 0 0
5667412073 0 0 0
5667412073 0 0 0
5667412073 0 0 0
5667412073 0 0 0
5667412073 0 0 0
5667412073 0 0 0
5667412073 0 0 0
5667412073 0 0 0
5667412073 0 0 0
5667412086 0 0 0
5667412086 0 0 0
5667412086 0 0 0
5667412086 0 0 0
5667412086 0 0 0
5667412086 0 0 0
5667412086 0 0 0
5667412086 0 0 0
5667412086 0 0 0
5667412086 0 0 0
5667412086 0 0 0
5667412099 0 0 0
5667412099 0 0 0
5667412099 0 0 0
5667412099 0 0 0
5667412099 0 0 0
5667412099 0 0 0
5667412099 0 0 0
5667412099 0 0 0
5667412099 0 0 0
5667412099 0 0 0
5667412099 0 0 0
5667412112 0 0 0
5667412112 0 0 0
5667412112 0 0 0
5667412112 0 0 0
5667412112 0 0 0
5667412112 0 0 0
5667412112 0 0 0
5667412112 0 0 0
5667412112 0 0 0
5667412112 0 0 0
5667412112 0 0 0
5667412125 0 0 0
5667412125 0 0 0
5667412125 0 0 0
5667412125 162 0 1
5667412125 0 0 0
5667412125 721 0 0
5667412125 0 0 0
5667412125 0 0 0
5667412125 0 0 0
5667412125 721 0 0
5667412125 0 0 0
5667412138 721 0 0
5667412138 0 0 0
5667412138 721 0 1
5667412138 559 0 0
5667412138 0 0 0
5667412138 0 0 0
5667412138 0 0 0
5667412138 0 0 0
5667412138 721 0 1
5667412138 0 0 0
5667412138 721 0 0
5667412151 0 0 0
5667412151 721 0 0
5667412151 0 0 0
5667412151 0 0 0
5667412151 721 0 1
5667412151 0 0 0
5667412151 721 0 1
5667412151 0 0 0
5667412151 0 0 0
5667412151 0 0 0
5667412151 0 0 0
5667412164 0 0 0
5667412164 0 0 0
5667412164 0 0 0
5667412164 0 0 0
5667412164 0 0 0
5667412164 0 0 0
5667412164 0 0 0
5667412164 0 0 0
5667412164 0 0 0
5667412164 0 0 0
5667412164 0 0 0
5667412177 0 0 0
5667412177 0 0 0
5667412177 0 0 0
5667412177 0 0 0
5667412177 0 0 0
5667412177 0 0 0
5667412177 0 0 0
5667412177 721 0 1
5667412177 0 0 0
5667412177 0 0 0
5667412177 0 0 0
5667412191 0 0 0
5667412191 0 0 0
5667412191 0 0 0
5667412191 0 0 0
5667412191 0 0 0
5667412191 0 0 0
5667412191 0 0 0
5667412191 0 0 0
5667412191 0 0 0
5667412191 0 0 0
5667412191 0 0 0
5667412204 0 0 0
5667412204 0 0 0
5667412204 0 0 0
5667412204 0 0 0
5667412204 0 0 0
5667412204 0 0 0
5667412204 0 0 0
5667412204 0 0 0
5667412204 0 0 0
5667412204 0 0 0
5667412204 0 0 0
5667412217 0 0 0
5667412217 0 0 0
5667412217 0 0 0
5667412217 0 0 0
5667412217 0 0 0
5667412217 0 0 0
5667412217 0 0 0
5667412217 0 0 0
5667412217 0 0 0
5667412217 0 0 0
5667412217 0 0 0
5667412230 0 0 0
5667412230 0 0 0
5667412230 0 0 0
5667412230 0 0 0
5667412230 0 0 0
5667412230 0 0 0
5667412230 0 0 0
5667412230 0 0 0
5667412230 0 0 0
5667412230 0 0 0
5667412230 0 0 0
5667412243 0 0 0
5667412243 0 0 0
5667412243 0 0 0
5667412243 0 0 0
5667412243 0 0 0
5667412243 0 0 0
5667412243 0 0 0
5667412243 0 0 0
5667412243 0 0 0
5667412243 0 0 0
5667412243 0 0 0
5667412256 0 0 0
5667412256 0 0 0
5667412256 0 0 0
5667412256 0 0 0
5667412256 0 0 0
5667412256 0 0 0
5667412256 0 0 0
5667412256 0 0 0
5667412257 0 0 0
5667412257 0 0 0
5667412257 0 0 0
5667412270 0 0 0
5667412270 0 0 0
5667412270 0 0 0
5667412270 0 0 0
5667412270 0 0 0
5667412270 0 0 0
5667412270 0 0 0
5667412270 0 0 0
5667412270 0 0 0
5667412270 0 0 0
5667412270 0 0 0
5667412283 0 0 0
5667412283 0 0 0
5667412283 0 0 0
5667412283 0 0 0
5667412283 0 0 0
5667412283 0 0 0
5667412283 0 0 0
5667412283 0 0 0
5667412283 0 0 0
5667412283 0 0 0
5667412283 0 0 0
5667412296 0 0 0
5667412296 0 0 0
5667412296 0 0 0
5667412296 0 0 0
5667412296 0 0 0
5667412296 0 0 0
5667412296 0 0 0
5667412296 0 0 0
5667412296 0 0 0
5667412296 0 0 0
5667412296 0 0 0
5667412309 0 0 0
5667412309 0 0 0
5667412309 0 0 0
5667412309 0 0 0
5667412309 0 0 0
5667412309 0 0 0
5667412309 0 0 0
5667412309 0 0 0
5667412309 0 0 0
5667412309 0 0 0
5667412309 0 0 0
5667412322 0 0 0
5667412322 0 0 0
5667412322 0 0 0
5667412322 0 0 0
5667412322 0 0 0
5667412322 0 0 0
5667412322 0 0 0
5667412322 0 0 0
5667412322 0 0 0
5667412322 0 0 0
5667412322 0 0 0
5667412335 0 0 0
5667412335 0 0 0
5667412335 0 0 0
5667412335 0 0 0
5667412335 0 0 0
5667412335 0 0 0
5667412335 0 0 0
5667412335 0 0 0
5667412335 0 0 0
5667412335 0 0 0
5667412335 0 0 0
5667412348 0 0 0
5667412348 0 0 0
5667412348 0 0 0
5667412348 0 0 0
5667412348 0 0 0
5667412348 0 0 0
5667412348 0 0 0
5667412348 0 0 0
5667412348 0 0 0
5667412348 0 0 0
5667412348 0 0 0
5667412361 0 0 0
5667412361 0 0 0
5667412361 0 0 0
5667412361 0 0 0
5667412361 0 0 0
5667412361 0 0 0
5667412361 0 0 0
5667412361 0 0 0
5667412361 0 0 0
5667412361 0 0 0
5667412361 0 0 0
5667412374 0 0 0
5667412374 0 0 0
5667412374 0 0 0
5667412374 0 0 0
5667412374 0 0 0
5667412374 621 0 2
5667412374 0 0 0
5667412374 0 0 0
5667412374 0 0 0
5667412374 621 0 0
5667412374 0 0 0
5667412387 621 0 1
5667412387 0 0 0
5667412387 621 0 1
5667412387 621 0 1
5667412387 0 0 0
5667412387 0 0 0
5667412387 0 0 0
5667412387 0 0 0
5667412387 621 0 0
5667412387 0 0 0
5667412387 621 0 0
5667412400 0 0 0
5667412400 621 0 2
5667412400 0 0 0
5667412400 0 0 0
5667412400 621 0 1
5667412400 0 0 0
5667412400 621 0 0
5667412400 0 0 0
5667412400 0 0 0
5667412400 0 0 0
5667412400 0 0 0
5667412413 0 0 0
5667412413 0 0 0
5667412413 0 0 0
5667412413 0 0 0
5667412413 0 0 0
5667412413 0 0 0
5667412413 0 0 0
5667412413 0 0 0
5667412413 0 0 0
5667412413 0 0 0
5667412413 0 0 0
5667412426 0 0 0
5667412426 0 0 0
5667412426 0 0 0
5667412426 0 0 0
5667412426 0 0 0
5667412426 0 0 0
5667412426 0 0 0
5667412426 621 0 1
5667412426 0 0 0
5667412426 0 0 0
5667412426 0 0 0
5667412439 0 0 0
5667412439 0 0 0
5667412439 0 0 0
5667412439 0 0 0
5667412439 0 0 0
5667412439 0 0 0
5667412439 0 0 0
5667412439 0 0 0
5667412439 0 0 0
5667412439 0 0 0
5667412439 0 0 0
5667412452 0 0 0
5667412452 0 0 0
5667412452 0 0 0
5667412452 0 0 0
5667412452 0 0 0
5667412452 0 0 0
5667412452 0 0 0
5667412452 0 0 0
5667412452 0 0 0
5667412452 0 0 0
5667412452 0 0 0
5667412465 0 0 0
5667412465 0 0 0
5667412465 0 0 0
5667412465 0 0 0
5667412465 0 0 0
5667412465 0 0 0
5667412465 0 0 0
5667412465 0 0 0
5667412465 0 0 0
5667412465 0 0 0
5667412465 0 0 0
5667412478 0 0 0
5667412478 0 0 0
5667412478 0 0 0
5667412478 0 0 0
5667412478 0 0 0
5667412478 0 0 0
5667412478 0 0 0
5667412478 0 0 0
5667412478 0 0 0
5667412478 0 0 0
5667412478 0 0 0
5667412492 0 0 0
5667412492 0 0 0
5667412492 0 0 0
5667412492 0 0 0
5667412492 0 0 0
5667412492 0 0 0
5667412492 0 0 0
5667412492 0 0 0
5667412492 0 0 0
5667412492 0 0 0
5667412492 0 0 0
5667412505 0 0 0
5667412505 0 0 0
5667412505 0 0 0
5667412505 0 0 0
5667412505 0 0 0
5667412505 0 0 0
5667412505 0 0 0
5667412505 0 0 0
5667412505 0 0 0
5667412505 0 0 0
5667412505 0 0 0
5667412518 0 0 0
5667412518 0 0 0
5667412518 0 0 0
5667412518 0 0 0
5667412518 0 0 0
5667412518 0 0 0
5667412518 0 0 0
5667412518 0 0 0
5667412518 0 0 0
5667412518 0 0 0
5667412518 0 0 0
5667412531 0 0 0
5667412531 0 0 0
5667412531 0 0 0
5667412531 0 0 0
5667412531 0 0 0
5667412531 0 0 0
5667412531 0 0 0
5667412531 0 0 0
5667412531 0 0 0
5667412531 0 0 0
5667412531 0 0 0
5667412544 0 0 0
5667412544 0 0 0
5667412544 0 0 0
5667412544 0 0 0
5667412544 0 0 0
5667412544 0 0 0
5667412544 0 0 0
5667412544 0 0 0
5667412544 0 0 0
5667412544 0 0 0
5667412544 0 0 0
5667412557 0 0 0
5667412557 0 0 0
5667412557 0 0 0
5667412557 0 0 0
5667412557 0 0 0
5667412557 0 0 0
5667412557 0 0 0
5667412557 0 0 0
5667412557 0 0 0
5667412557 0 0 0
5667412557 0 0 0
5667412570 0 0 0
5667412570 0 0 0
5667412570 0 0 0
5667412570 0 0 0
5667412570 0 0 0
5667412570 0 0 0
5667412570 0 0 0
5667412570 0 0 0
5667412570 0 0 0
5667412570 0 0 0
5667412570 0 0 0
5667412583 0 0 0
5667412583 0 0 0
5667412583 0 0 0
5667412583 0 0 0
5667412583 0 0 0
5667412583 0 0 0
5667412583 0 0 0
5667412583 0 0 0
5667412583 0 0 0
5667412583 0 0 0
5667412583 0 0 0
5667412596 0 0 0
5667412596 0 0 0
5667412596 0 0 0
5667412596 0 0 0
5667412596 0 0 0
5667412596 0 0 0
5667412596 0 0 0
5667412596 0 0 0
5667412596 0 0 0
5667412596 0 0 0
5667412596 0 0 0
5667412609 0 0 0
5667412609 0 0 0
5667412609 0 0 0
5667412609 0 0 0
5667412609 0 0 0
5667412609 0 0 0
5667412609 0 0 0
5667412609 0 0 0
5667412609 0 0 0
5667412609 0 0 0
5667412609 0 0 0
5667412622 0 0 0
5667412622 0 0 0
5667412622 0 0 0
5667412622 0 0 0
5667412622 0 0 0
5667412622 0 0 0
5667412622 0 0 0
5667412622 0 0 0
5667412622 0 0 0
5667412622 0 0 0
5667412622 0 0 0
5667412635 481 0 0
5667412635 0 0 0
5667412635 0 0 0
5667412635 481 0 0
5667412635 0 0 0
5667412635 481 0 0
5667412635 0 0 0
5667412635 0 0 0
5667412635 481 0 1
5667412635 481 0 1
5667412635 481 0 1
5667412648 0 0 0
5667412648 481 0 0
5667412648 481 0 0
5667412648 0 0 0
5667412648 481 0 0
5667412648 0 0 0
5667412648 481 0 1
5667412648 0 0 0
5667412648 0 0 0
5667412648 0 0 0
5667412648 0 0 0
5667412661 0 0 0
5667412661 0 0 0
5667412661 0 0 0
5667412661 0 0 0
5667412661 0 0 0
5667412661 0 0 0
5667412661 0 0 0
5667412661 0 0 0
5667412661 0 0 0
5667412661 0 0 0
5667412661 0 0 0
5667412674 0 0 0
5667412674 0 0 0
5667412674 0 0 0
5667412674 0 0 0
5667412674 0 0 0
5667412674 0 0 0
5667412674 0 0 0
5667412674 481 0 0
5667412674 0 0 0
5667412674 0 0 0
5667412674 0 0 0
5667412687 0 0 0
5667412687 0 0 0
5667412687 0 0 0
5667412687 0 0 0
5667412687 0 0 0
5667412687 0 0 0
5667412687 0 0 0
5667412687 0 0 0
5667412687 0 0 0
5667412687 0 0 0
5667412687 0 0 0
5667412700 0 0 0
5667412700 0 0 0
5667412700 0 0 0
5667412700 0 0 0
5667412700 0 0 0
5667412700 0 0 0
5667412700 0 0 0
5667412700 0 0 0
5667412700 0 0 0
5667412700 0 0 0
5667412700 0 0 0
5667412713 0 0 0
5667412713 0 0 0
5667412713 0 0 0
5667412713 0 0 0
5667412713 0 0 0
5667412713 0 0 0
5667412713 0 0 0
5667412713 0 0 0
5667412713 0 0 0
5667412713 0 0 0
5667412713 0 0 0
5667412726 0 0 0
5667412726 0 0 0
5667412726 0 0 0
5667412726 0 0 0
5667412726 0 0 0
5667412726 0 0 0
5667412726 0 0 0
5667412726 0 0 0
5667412726 0 0 0
5667412726 0 0 0
5667412726 0 0 0
5667412739 0 0 0
5667412739 0 0 0
5667412739 0 0 0
5667412739 0 0 0
5667412739 0 0 0
5667412739 0 0 0
5667412739 0 0 0
5667412739 0 0 0
5667412739 0 0 0
5667412739 0 0 0
5667412739 0 0 0
5667412752 0 0 0
5667412752 0 0 0
5667412752 0 0 0
5667412752 0 0 0
5667412752 0 0 0
5667412752 0 0 0
5667412752 0 0 0
5667412752 0 0 0
5667412752 0 0 0
5667412752 0 0 0
5667412752 0 0 0
5667412765 0 0 0
5667412765 0 0 0
5667412765 0 0 0
5667412765 0 0 0
5667412765 0 0 0
5667412765 0 0 0
5667412765 0 0 0
5667412765 0 0 0
5667412765 0 0 0
5667412765 0 0 0
5667412765 0 0 0
5667412779 0 0 0
5667412779 0 0 0
5667412779 0 0 0
5667412779 0 0 0
5667412779 0 0 0
5667412779 0 0 0
5667412779 0 0 0
5667412779 0 0 0
5667412779 0 0 0
5667412779 0 0 0
5667412779 0 0 0
5667412792 0 0 0
5667412792 0 0 0
5667412792 0 0 0
5667412792 0 0 0
5667412792 0 0 0
5667412792 0 0 0
5667412792 0 0 0
5667412792 0 0 0
5667412792 0 0 0
5667412792 0 0 0
5667412792 0 0 0
5667412805 0 0 0
5667412805 0 0 0
5667412805 0 0 0
5667412805 0 0 0
5667412805 0 0 0
5667412805 0 0 0
5667412805 0 0 0
5667412805 0 0 0
5667412805 0 0 0
5667412805 0 0 0
5667412805 0 0 0
5667412818 0 0 0
5667412818 0 0 0
5667412818 0 0 0
5667412818 0 0 0
5667412818 0 0 0
5667412818 0 0 0
5667412818 0 0 0
5667412818 0 0 0
5667412818 0 0 0
5667412818 0 0 0
5667412818 0 0 0
5667412831 0 0 0
5667412831 0 0 0
5667412831 0 0 0
5667412831 0 0 0
5667412831 0 0 0
5667412831 0 0 0
5667412831 0 0 0
5667412831 0 0 0
5667412831 0 0 0
5667412831 0 0 0
5667412831 0 0 0
5667412844 0 0 0
5667412844 0 0 0
5667412844 0 0 0
5667412844 0 0 0
5667412844 0 0 0
5667412844 0 0 0
5667412844 0 0 0
5667412844 0 0 0
5667412844 0 0 0
5667412844 0 0 0
5667412844 0 0 0
5667412857 0 0 0
5667412857 0 0 0
5667412857 0 0 0
5667412857 0 0 0
5667412857 0 0 0
5667412857 0 0 0
5667412857 0 0 0
5667412857 0 0 0
5667412857 0 0 0
5667412857 0 0 0
5667412857 0 0 0
5667412870 0 0 0
5667412870 0 0 0
5667412870 0 0 0
5667412870 0 0 0
5667412870 0 0 0
5667412870 0 0 0
5667412870 0 0 0
5667412870 0 0 0
5667412870 0 0 0
5667412870 0 0 0
5667412870 0 0 0
5667412883 398 0 1
5667412883 0 0 0
5667412883 0 0 0
5667412883 398 0 1
5667412883 0 0 0
5667412883 398 0 1
5667412883 0 0 0
5667412883 0 0 0
5667412883 398 0 0
5667412883 398 0 0
5667412883 398 0 0
5667412896 0 0 0
5667412896 398 0 0
5667412896 398 0 1
5667412896 0 0 0
5667412896 398 0 1
5667412896 0 0 0
5667412896 398 0 0
5667412896 0 0 0
5667412896 0 0 0
5667412896 0 0 0
5667412896 0 0 0
5667412909 0 0 0
5667412909 0 0 0
5667412909 0 0 0
5667412909 0 0 0
5667412909 0 0 0
5667412909 0 0 0
5667412909 0 0 0
5667412909 0 0 0
5667412909 0 0 0
5667412909 0 0 0
5667412909 0 0 0
5667412922 0 0 0
5667412922 0 0 0
5667412922 0 0 0
5667412922 0 0 0
5667412922 0 0 0
5667412922 0 0 0
5667412922 0 0 0
5667412922 398 0 1
5667412922 0 0 0
5667412922 0 0 0
5667412922 0 0 0
5667412935 0 0 0
5667412935 0 0 0
5667412935 0 0 0
5667412935 0 0 0
5667412935 0 0 0
5667412935 0 0 0
5667412935 0 0 0
5667412935 0 0 0
5667412935 0 0 0
5667412935 0 0 0
5667412935 0 0 0
5667412948 0 0 0
5667412948 0 0 0
5667412948 0 0 0
5667412948 0 0 0
5667412948 0 0 0
5667412948 0 0 0
5667412948 0 0 0
5667412948 0 0 0
5667412948 0 0 0
5667412948 0 0 0
5667412948 0 0 0
5667412961 0 0 0
5667412961 0 0 0
5667412961 0 0 0
5667412961 0 0 0
5667412961 0 0 0
5667412961 0 0 0
5667412961 0 0 0
5667412961 0 0 0
5667412961 0 0 0
5667412961 0 0 0
5667412961 0 0 0
5667412974 0 0 0
5667412974 0 0 0
5667412974 0 0 0
5667412974 0 0 0
5667412974 0 0 0
5667412974 0 0 0
5667412974 0 0 0
5667412974 0 0 0
5667412974 0 0 0
5667412974 0 0 0
5667412974 0 0 0
5667412987 0 0 0
5667412987 0 0 0
5667412987 0 0 0
5667412987 0 0 0
5667412987 0 0 0
5667412987 0 0 0
5667412987 0 0 0
5667412987 0 0 0
5667412987 0 0 0
5667412987 0 0 0
5667412987 0 0 0
5667413000 0 0 0
5667413000 0 0 0
5667413000 0 0 0
5667413000 0 0 0
5667413000 0 0 0
5667413000 0 0 0
5667413000 0 0 0
5667413000 0 0 0
5667413000 0 0 0
5667413000 0 0 0
5667413000 0 0 0
5667413013 0 0 0
5667413013 0 0 0
5667413013 0 0 0
5667413013 0 0 0
5667413013 0 0 0
5667413013 0 0 0
5667413013 0 0 0
5667413013 0 0 0
5667413013 0 0 0
5667413013 0 0 0
5667413013 0 0 0
5667413026 0 0 0
5667413026 0 0 0
5667413026 0 0 0
5667413026 0 0 0
5667413026 0 0 0
5667413026 0 0 0
5667413026 0 0 0
5667413026 0 0 0
5667413026 0 0 0
5667413026 0 0 0
5667413026 0 0 0
5667413040 0 0 0
5667413040 0 0 0
5667413040 0 0 0
5667413040 0 0 0
5667413040 0 0 0
5667413040 0 0 0
5667413040 0 0 0
5667413040 0 0 0
5667413040 0 0 0
5667413040 0 0 0
5667413040 0 0 0
5667413053 0 0 0
5667413053 0 0 0
5667413053 0 0 0
5667413053 0 0 0
5667413053 0 0 0
5667413053 0 0 0
5667413053 0 0 0
5667413053 0 0 0
5667413053 0 0 0
5667413053 0 0 0
5667413053 0 0 0
5667413066 0 0 0
5667413066 0 0 0
5667413066 0 0 0
5667413066 0 0 0
5667413066 0 0 0
5667413066 0 0 0
5667413066 0 0 0
5667413066 0 0 0
5667413066 0 0 0
5667413066 0 0 0
5667413066 0 0 0
5667413079 0 0 0
5667413079 0 0 0
5667413079 0 0 0
5667413079 0 0 0
5667413079 0 0 0
5667413079 0 0 0
5667413079 0 0 0
5667413079 0 0 0
5667413079 0 0 0
5667413079 0 0 0
5667413079 0 0 0
5667413092 0 0 0
5667413092 0 0 0
5667413092 0 0 0
5667413092 0 0 0
5667413092 0 0 0
5667413092 0 0 0
5667413092 0 0 0
5667413092 0 0 0
5667413092 0 0 0
5667413092 0 0 0
5667413092 0 0 0
5667413105 0 0 0
5667413105 0 0 0
5667413105 0 0 0
5667413105 0 0 0
5667413105 0 0 0
5667413105 0 0 0
5667413105 0 0 0
5667413105 0 0 0
5667413105 0 0 0
5667413105 0 0 0
5667413105 0 0 0
5667413118 0 0 0
5667413118 0 0 0
5667413118 0 0 0
5667413118 0 0 0
5667413118 0 0 0
5667413118 0 0 0
5667413118 0 0 0
5667413118 0 0 0
5667413118 0 0 0
5667413118 0 0 0
5667413118 0 0 0
5667413131 0 0 0
5667413131 0 0 0
5667413131 0 0 0
5667413131 347 0 0
5667413131 0 0 0
5667413131 347 0 0
5667413131 0 0 0
5667413131 0 0 0
5667413131 0 0 0
5667413131 347 0 0
5667413131 347 0 1
5667413144 347 0 0
5667413144 347 0 0
5667413144 347 0 0
5667413144 0 0 0
5667413144 347 0 0
5667413144 0 0 0
5667413144 347 0 1
5667413144 0 0 0
5667413144 347 0 1
5667413144 0 0 0
5667413144 0 0 0
5667413157 0 0 0
5667413157 0 0 0
5667413157 0 0 0
5667413157 0 0 0
5667413157 0 0 0
5667413157 0 0 0
5667413157 0 0 0
5667413157 0 0 0
5667413157 0 0 0
5667413157 0 0 0
5667413157 0 0 0
5667413170 0 0 0
5667413170 0 0 0
5667413170 0 0 0
5667413170 0 0 0
5667413170 0 0 0
5667413170 0 0 0
5667413170 0 0 0
5667413170 0 0 0
5667413170 0 0 0
5667413170 0 0 0
5667413170 0 0 0
5667413183 0 0 0
5667413183 0 0 0
5667413183 0 0 0
5667413183 0 0 0
5667413183 0 0 0
5667413183 0 0 0
5667413183 0 0 0
5667413183 347 0 1
5667413183 0 0 0
5667413183 0 0 0
5667413183 0 0 0
5667413196 0 0 0
5667413196 0 0 0
5667413196 0 0 0
5667413196 0 0 0
5667413196 0 0 0
5667413196 0 0 0
5667413196 0 0 0
5667413196 0 0 0
5667413196 0 0 0
5667413196 0 0 0
5667413196 0 0 0
5667413209 0 0 0
5667413209 0 0 0
5667413209 0 0 0
5667413209 0 0 0
5667413209 0 0 0
5667413209 0 0 0
5667413209 0 0 0
5667413209 0 0 0
5667413209 0 0 0
5667413209 0 0 0
5667413209 0 0 0
5667413222 0 0 0
5667413222 0 0 0
5667413222 0 0 0
5667413222 0 0 0
5667413222 0 0 0
5667413222 0 0 0
5667413222 0 0 0
5667413222 0 0 0
5667413222 0 0 0
5667413222 0 0 0
5667413222 0 0 0
5667413235 0 0 0
5667413235 0 0 0
5667413235 0 0 0
5667413235 0 0 0
5667413235 0 0 0
5667413235 0 0 0
5667413235 0 0 0
5667413235 0 0 0
5667413235 0 0 0
5667413235 0 0 0
5667413235 0 0 0
5667413248 0 0 0
5667413248 0 0 0
5667413248 0 0 0
5667413248 0 0 0
5667413248 0 0 0
5667413248 0 0 0
5667413248 0 0 0
5667413248 0 0 0
5667413248 0 0 0
5667413248 0 0 0
5667413248 0 0 0
5667413261 0 0 0
5667413261 0 0 0
5667413261 0 0 0
5667413261 0 0 0
5667413261 0 0 0
5667413261 0 0 0
5667413261 0 0 0
5667413261 0 0 0
5667413261 0 0 0
5667413261 0 0 0
5667413261 0 0 0
5667413274 0 0 0
5667413274 0 0 0
5667413274 0 0 0
5667413274 0 0 0
5667413274 0 0 0
5667413274 0 0 0
5667413274 0 0 0
5667413274 0 0 0
5667413274 0 0 0
5667413274 0 0 0
5667413274 0 0 0
5667413287 0 0 0
5667413287 0 0 0
5667413287 0 0 0
5667413287 0 0 0
5667413287 0 0 0
5667413287 0 0 0
5667413287 0 0 0
5667413287 0 0 0
5667413287 0 0 0
5667413287 0 0 0
5667413287 0 0 0
5667413300 0 0 0
5667413300 0 0 0
5667413300 0 0 0
5667413300 0 0 0
5667413300 0 0 0
5667413300 0 0 0
5667413300 0 0 0
5667413300 0 0 0
5667413300 0 0 0
5667413300 0 0 0
5667413300 0 0 0
5667413313 0 0 0
5667413313 0 0 0
5667413313 0 0 0
5667413313 0 0 0
5667413313 0 0 0
5667413313 0 0 0
5667413313 0 0 0
5667413313 0 0 0
5667413313 0 0 0
5667413313 0 0 0
5667413313 0 0 0
5667413326 0 0 0
5667413326 0 0 0
5667413326 0 0 0
5667413326 0 0 0
5667413326 0 0 0
5667413326 0 0 0
5667413326 0 0 0
5667413326 0 0 0
5667413326 0 0 0
5667413326 0 0 0
5667413326 0 0 0
5667413340 0 0 0
5667413340 0 0 0
5667413340 0 0 0
5667413340 0 0 0
5667413340 0 0 0
5667413340 0 0 0
5667413340 0 0 0
5667413340 0 0 0
5667413340 0 0 0
5667413340 0 0 0
5667413340 0 0 0
5667413353 0 0 0
5667413353 0 0 0
5667413353 0 0 0
5667413353 0 0 0
5667413353 0 0 0
5667413353 0 0 0
5667413353 0 0 0
5667413353 0 0 0
5667413353 0 0 0
5667413353 0 0 0
5667413353 0 0 0
5667413366 0 0 0
5667413366 0 0 0
5667413366 0 0 0
5667413366 0 0 0
5667413366 0 0 0
5667413366 0 0 0
5667413366 0 0 0
5667413366 0 0 0
5667413366 0 0 0
5667413366 0 0 0
5667413366 0 0 0
5667413380 0 0 0
5667413380 0 0 0
5667413380 0 0 0
5667413380 249 0 0
5667413380 0 0 0
5667413380 249 0 1
5667413380 0 0 0
5667413380 0 0 0
5667413380 0 0 0
5667413380 249 0 1
5667413380 249 0 0
5667413393 249 0 1
5667413393 249 0 0
5667413393 249 0 1
5667413393 0 0 0
5667413393 249 0 1
5667413393 0 0 0
5667413393 249 0 0
5667413393 0 0 0
5667413393 249 0 0
5667413393 0 0 0
5667413393 0 0 0
5667413406 0 0 0
5667413406 0 0 0
5667413406 0 0 0
5667413406 0 0 0
5667413406 0 0 0
5667413406 0 0 0
5667413406 0 0 0
5667413406 0 0 0
5667413406 0 0 0
5667413406 0 0 0
5667413406 0 0 0
5667413419 0 0 0
5667413419 0 0 0
5667413419 0 0 0
5667413419 0 0 0
5667413419 0 0 0
5667413419 0 0 0
5667413419 0 0 0
5667413419 0 0 0
5667413419 0 0 0
5667413419 0 0 0
5667413419 0 0 0
5667413432 0 0 0
5667413432 0 0 0
5667413432 0 0 0
5667413432 0 0 0
5667413432 0 0 0
5667413432 0 0 0
5667413432 0 0 0
5667413432 249 0 0
5667413432 0 0 0
5667413432 0 0 0
5667413432 0 0 0
5667413445 0 0 0
5667413445 0 0 0
5667413445 0 0 0
5667413445 0 0 0
5667413445 0 0 0
5667413445 0 0 0
5667413445 0 0 0
5667413445 0 0 0
5667413445 0 0 0
5667413445 0 0 0
5667413445 0 0 0
5667413458 0 0 0
5667413458 0 0 0
5667413458 0 0 0
5667413458 0 0 0
5667413458 0 0 0
5667413458 0 0 0
5667413458 0 0 0
5667413458 0 0 0
5667413458 0 0 0
5667413458 0 0 0
5667413458 0 0 0
5667413471 0 0 0
5667413471 0 0 0
5667413471 0 0 0
5667413471 0 0 0
5667413471 0 0 0
5667413471 0 0 0
5667413471 0 0 0
5667413471 0 0 0
5667413471 0 0 0
5667413471 0 0 0
5667413471 0 0 0
5667413484 0 0 0
5667413484 0 0 0
5667413484 0 0 0
5667413484 0 0 0
5667413484 0 0 0
5667413484 0 0 0
5667413484 0 0 0
5667413484 0 0 0
5667413484 0 0 0
5667413484 0 0 0
5667413484 0 0 0
5667413497 0 0 0
5667413497 0 0 0
5667413497 0 0 0
5667413497 0 0 0
5667413497 0 0 0
5667413497 0 0 0
5667413497 0 0 0
5667413497 0 0 0
5667413497 0 0 0
5667413497 0 0 0
5667413497 0 0 0
5667413510 0 0 0
5667413510 0 0 0
5667413510 0 0 0
5667413510 0 0 0
5667413510 0 0 0
5667413510 0 0 0
5667413510 0 0 0
5667413510 0 0 0
5667413510 0 0 0
5667413510 0 0 0
5667413510 0 0 0
5667413523 0 0 0
5667413523 0 0 0
5667413523 0 0 0
5667413523 0 0 0
5667413523 0 0 0
5667413523 0 0 0
5667413523 0 0 0
5667413523 0 0 0
5667413523 0 0 0
5667413523 0 0 0
5667413523 0 0 0
5667413536 0 0 0
5667413536 0 0 0
5667413536 0 0 0
5667413536 0 0 0
5667413536 0 0 0
5667413536 0 0 0
5667413536 0 0 0
5667413536 0 0 0
5667413536 0 0 0
5667413536 0 0 0
5667413536 0 0 0
5667413549 0 0 0
5667413549 0 0 0
5667413549 0 0 0
5667413549 0 0 0
5667413549 0 0 0
5667413549 0 0 0
5667413549 0 0 0
5667413549 0 0 0
5667413549 0 0 0
5667413549 0 0 0
5667413549 0 0 0
5667413562 0 0 0
5667413562 0 0 0
5667413562 0 0 0
5667413562 0 0 0
5667413562 0 0 0
5667413562 0 0 0
5667413562 0 0 0
5667413562 0 0 0
5667413562 0 0 0
5667413562 0 0 0
5667413562 0 0 0
5667413575 0 0 0
5667413575 0 0 0
5667413575 0 0 0
5667413575 0 0 0
5667413575 0 0 0
5667413575 0 0 0
5667413575 0 0 0
5667413575 0 0 0
5667413575 0 0 0
5667413575 0 0 0
5667413575 0 0 0
5667413588 0 0 0
5667413588 0 0 0
5667413588 0 0 0
5667413588 0 0 0
5667413588 0 0 0
5667413588 0 0 0
5667413588 0 0 0
5667413588 0 0 0
5667413588 0 0 0
5667413588 0 0 0
5667413588 0 0 0
5667413601 0 0 0
5667413601 0 0 0
5667413601 0 0 0
5667413601 0 0 0
5667413601 0 0 0
5667413601 0 0 0
5667413601 0 0 0
5667413601 0 0 0
5667413601 0 0 0
5667413601 0 0 0
5667413601 0 0 0
5667413614 0 0 0
5667413614 0 0 0
5667413614 0 0 0
5667413614 0 0 0
5667413614 0 0 0
5667413614 0 0 0
5667413614 0 0 0
5667413614 0 0 0
5667413614 0 0 0
5667413614 0 0 0
5667413614 0 0 0
5667413627 0 0 0
5667413627 0 0 0
5667413627 0 0 0
5667413627 65 0 1
5667413627 0 0 0
5667413627 237 0 0
5667413627 0 0 0
5667413627 0 0 0
5667413627 0 0 0
5667413627 237 0 0
5667413627 0 0 0
5667413640 237 0 0
5667413640 0 0 0
5667413640 237 0 0
5667413640 172 0 0
5667413640 0 0 0
5667413640 0 0 0
5667413640 0 0 0
5667413640 0 0 0
5667413640 237 0 1
5667413640 0 0 0
5667413640 237 0 1
5667413653 0 0 0
5667413653 237 0 1
5667413653 0 0 0
5667413653 0 0 0
5667413653 237 0 0
5667413653 0 0 0
5667413653 237 0 1
5667413653 0 0 0
5667413653 0 0 0
5667413653 0 0 0
5667413653 0 0 0
5667413666 0 0 0
5667413666 0 0 0
5667413666 0 0 0
5667413666 0 0 0
5667413666 0 0 0
5667413666 0 0 0
5667413666 0 0 0
5667413666 0 0 0
5667413666 0 0 0
5667413666 0 0 0
5667413666 0 0 0
5667413680 0 0 0
5667413680 0 0 0
5667413680 0 0 0
5667413680 0 0 0
5667413680 0 0 0
5667413680 0 0 0
5667413680 0 0 0
5667413680 237 0 1
5667413680 0 0 0
5667413680 0 0 0
5667413680 0 0 0
5667413693 0 0 0
5667413693 0 0 0
5667413693 0 0 0
5667413693 0 0 0
5667413693 0 0 0
5667413693 0 0 0
5667413693 0 0 0
5667413693 0 0 0
5667413693 0 0 0
5667413693 0 0 0
5667413693 0 0 0
5667413706 0 0 0
5667413706 0 0 0
5667413706 0 0 0
5667413706 0 0 0
5667413706 0 0 0
5667413706 0 0 0
5667413706 0 0 0
5667413706 0 0 0
5667413706 0 0 0
5667413706 0 0 0
5667413706 0 0 0
5667413719 0 0 0
5667413719 0 0 0
5667413719 0 0 0
5667413719 0 0 0
5667413719 0 0 0
5667413719 0 0 0
5667413719 0 0 0
5667413719 0 0 0
5667413719 0 0 0
5667413719 0 0 0
5667413719 0 0 0
5667413732 0 0 0
5667413732 0 0 0
5667413732 0 0 0
5667413732 0 0 0
5667413732 0 0 0
5667413732 0 0 0
5667413732 0 0 0
5667413732 0 0 0
5667413732 0 0 0
5667413732 0 0 0
5667413732 0 0 0
5667413745 0 0 0
5667413745 0 0 0
5667413745 0 0 0
5667413745 0 0 0
5667413745 0 0 0
5667413745 0 0 0
5667413745 0 0 0
5667413745 0 0 0
5667413745 0 0 0
5667413745 0 0 0
5667413745 0 0 0
5667413758 0 0 0
5667413758 0 0 0
5667413758 0 0 0
5667413758 0 0 0
5667413758 0 0 0
5667413758 0 0 0
5667413758 0 0 0
5667413758 0 0 0
5667413758 0 0 0
5667413758 0 0 0
5667413758 0 0 0
5667413771 0 0 0
5667413771 0 0 0
5667413771 0 0 0
5667413771 0 0 0
5667413771 0 0 0
5667413771 0 0 0
5667413771 0 0 0
5667413771 0 0 0
5667413771 0 0 0
5667413771 0 0 0
5667413771 0 0 0
5667413784 0 0 0
5667413784 0 0 0
5667413784 0 0 0
5667413784 0 0 0
5667413784 0 0 0
5667413784 0 0 0
5667413784 0 0 0
5667413784 0 0 0
5667413784 0 0 0
5667413784 0 0 0
5667413784 0 0 0
5667413797 0 0 0
5667413797 0 0 0
5667413797 0 0 0
5667413797 0 0 0
5667413797 0 0 0
5667413797 0 0 0
5667413797 0 0 0
5667413797 0 0 0
5667413797 0 0 0
5667413797 0 0 0
5667413797 0 0 0
5667413810 0 0 0
5667413810 0 0 0
5667413810 0 0 0
5667413810 0 0 0
5667413810 0 0 0
5667413810 0 0 0
5667413810 0 0 0
5667413810 0 0 0
5667413810 0 0 0
5667413810 0 0 0
5667413810 0 0 0
5667413823 0 0 0
5667413823 0 0 0
5667413823 0 0 0
5667413823 0 0 0
5667413823 0 0 0
5667413823 0 0 0
5667413823 0 0 0
5667413823 0 0 0
5667413823 0 0 0
5667413823 0 0 0
5667413823 0 0 0
5667413836 0 0 0
5667413836 0 0 0
5667413836 0 0 0
5667413836 0 0 0
5667413836 0 0 0
5667413836 0 0 0
5667413836 0 0 0
5667413836 0 0 0
5667413836 0 0 0
5667413836 0 0 0
5667413836 0 0 0
5667413849 0 0 0
5667413849 0 0 0
5667413849 0 0 0
5667413849 0 0 0
5667413849 0 0 0
5667413849 0 0 0
5667413849 0 0 0
5667413849 0 0 0
5667413849 0 0 0
5667413849 0 0 0
5667413849 0 0 0
5667413862 0 0 0
5667413862 0 0 0
5667413862 0 0 0
5667413862 0 0 0
5667413862 0 0 0
5667413862 0 0 0
5667413862 0 0 0
5667413862 0 0 0
5667413862 0 0 0
5667413862 0 0 0
5667413862 0 0 0
5667413875 0 0 0
5667413875 0 0 0
5667413875 0 0 0
5667413875 0 0 0
5667413875 0 0 0
5667413875 0 0 0
5667413875 0 0 0
5667413875 0 0 0
5667413875 0 0 0
5667413875 0 0 0
5667413875 0 0 0
5667413888 0 0 0
5667413888 0 0 0
5667413888 0 0 0
5667413888 0 0 0
5667413888 0 0 0
5667413888 0 0 4
5667413901 0 0 0
5667413914 0 0 0