5668817823 89371 2 56
5668817837 99241 0 47
5668817850 0 0 0
5668817863 0 0 0
5668817876 0 0 0
5668817889 0 0 0
5668817902 0 0 0
5668817915 0 0 0
5668817928 0 0 0
5668817941 0 0 0
5668817954 0 0 0
5668817967 0 0 0
5668817980 0 0 0
5668817993 0 0 0
5668818006 0 0 0
5668818019 0 0 0
5668818032 0 0 0
5668818045 0 0 0
5668818058 0 0 0
5668818071 10732 0 5
5668818084 73584 0 32
5668818097 64184 0 23
5668818110 0 0 0
5668818123 0 0 0
5668818136 0 0 0
5668818149 0 0 0
5668818162 0 0 0
5668818175 0 0 0
5668818188 0 0 0
5668818201 0 0 0
5668818214 0 0 0
5668818227 0 0 0
5668818240 0 0 0
5668818253 0 0 0
5668818266 0 0 0
5668818279 0 0 0
5668818292 0 0 0
5668818305 0 0 0
5668818318 0 0 0
5668818331 30184 0 14
5668818345 83086 0 36
5668818358 7669 0 1
5668818371 0 0 0
5668818384 0 0 0
5668818397 0 0 0
5668818410 0 0 0
5668818423 0 0 0
5668818436 0 0 0
5668818449 0 0 0
5668818462 0 0 0
5668818475 0 0 0
5668818488 0 0 0
5668818501 0 0 0
5668818514 0 0 0
5668818527 0 0 0
5668818540 0 0 0
5668818553 0 0 0
5668818566 0 0 0
5668818579 10110 0 4
5668818592 44891 0 19
5668818605 46099 0 18
5668818618 0 0 0
5668818631 0 0 0
5668818644 0 0 0
5668818657 0 0 0
5668818670 0 0 0
5668818683 0 0 0
5668818696 0 0 0
5668818709 0 0 0
5668818722 0 0 0
5668818735 0 0 0
5668818748 0 0 0
5668818761 0 0 0
5668818774 0 0 0
5668818787 0 0 0
5668818800 0 0 0
5668818813 0 0 0
5668818826 533 0 1
5668818839 28167 0 11
5668818852 53090 0 23
5668818865 210 0 0
5668818878 0 0 0
5668818891 0 0 0
5668818904 0 0 0
5668818917 0 0 0
5668818930 0 0 0
5668818943 0 0 0
5668818956 0 0 0
5668818969 0 0 0
5668818982 0 0 0
5668818995 0 0 0
5668819008 0 0 0
5668819021 0 0 0
5668819034 0 0 0
5668819047 0 0 0
5668819060 0 0 0
5668819073 0 0 0
5668819086 12797 0 7
5668819099 29565 0 12
5668819112 26398 0 10
5668819125 0 0 0
5668819138 0 0 0
5668819151 0 0 0
5668819164 0 0 0
5668819177 0 0 0
5668819190 0 0 0
5668819203 0 0 0
5668819216 0 0 0
5668819229 0 0 0
5668819242 0 0 0
5668819255 0 0 0
5668819268 0 0 0
5668819281 0 0 0
5668819294 0 0 0
5668819307 0 0 0
5668819320 0 0 0
5668819333 5614 0 2
5668819346 23340 0 12
5668819359 27185 0 9
5668819372 0 0 0
5668819385 0 0 0
5668819398 0 0 0
5668819411 0 0 0
5668819424 0 0 0
5668819437 0 0 0
5668819450 0 0 0
5668819463 0 0 0
5668819476 0 0 0
5668819489 0 0 0
5668819502 0 0 0
5668819515 0 0 0
5668819528 0 0 0
5668819541 0 0 0
5668819554 0 0 0
5668819567 0 0 0
5668819580 0 0 0
5668819593 16205 0 8
5668819606 25878 0 13
5668819619 4216 0 1
5668819632 0 0 0
5668819645 0 0 0
5668819658 0 0 0
5668819671 0 0 0
5668819684 0 0 0
5668819697 0 0 0
5668819710 0 0 0
5668819723 0 0 0
5668819736 0 0 0
5668819749 0 0 0
5668819762 0 0 0
5668819775 0 0 0
5668819788 0 0 0
5668819801 0 0 0
5668819814 0 0 0
5668819827 0 0 0
5668819840 7496 0 4
5668819853 16646 0 10
5668819866 13338 0 7
5668819879 0 0 0
5668819892 0 0 0
5668819905 0 0 0
5668819918 0 0 0
5668819931 0 0 0
5668819944 0 0 0
5668819957 0 0 0
5668819970 0 0 0
5668819983 0 0 0
5668819996 0 0 0
5668820009 0 0 0
5668820022 0 0 0
5668820035 0 0 0
5668820048 0 0 0
5668820061 0 0 0
5668820074 0 0 0
5668820087 3204 0 2
5668820100 14418 0 8
5668820113 14418 0 8
5668820126 0 0 0
5668820139 0 0 0
5668820152 0 0 0
5668820165 0 0 0
5668820178 0 0 0
5668820191 0 0 0
5668820204 0 0 0
5668820217 0 0 0
5668820230 0 0 0
5668820243 0 0 0
5668820256 0 0 0
5668820269 0 0 0
5668820282 0 0 0
5668820295 0 0 0
5668820308 0 0 0
5668820321 0 0 0
5668820334 1252 0 0
5668820347 7603 0 5
5668820360 16185 0 9
5668820373 0 0 0
5668820386 0 0 0
5668820399 0 0 0
5668820412 0 0 0
5668820425 0 0 0
5668820438 0 0 0
5668820451 0 0 0
5668820464 0 0 0
5668820477 0 0 0
5668820490 0 0 0
5668820503 0 0 0
5668820516 0 0 0
5668820529 0 0 0
5668820542 0 0 0
5668820555 0 0 0
5668820568 0 0 0
5668820581 0 0 0
5668820594 5068 0 2
5668820607 9478 0 8
5668820620 5094 0 5
5668820633 0 0 0
5668820646 0 0 0
5668820659 0 0 0
5668820672 0 0 0
5668820685 0 0 0
5668820698 0 0 0
5668820711 0 0 0
5668820724 0 0 0
5668820737 0 0 0
5668820750 0 0 0
5668820763 0 0 0
5668820776 0 0 0
5668820789 0 0 0
5668820802 0 0 0
5668820815 0 0 0
5668820828 0 0 0
5668820841 2348 0 3
5668820854 7519 0 4
5668820867 5206 0 10
5668820881 2867 0 8
5668820894 0 0 0
5668820907 0 0 0
5668820920 0 0 0
5668820933 0 0 0
5668820946 0 0 0
5668820959 0 0 0
5668820972 0 0 0
5668820985 0 0 0
5668820998 0 0 0
5668821011 0 0 0
5668821024 0 0 0
5668821037 0 0 0
5668821050 0 0 0
5668821063 0 0 0
5668821076 0 0 0
5668821089 1442 0 0
5668821102 3434 0 2
5668821115 192 0 1
5668821129 3696 0 11
5668821142 4253 0 9
5668821155 1403 0 6
5668821168 0 0 0
5668821181 0 0 0
5668821194 0 0 0
5668821207 0 0 0
5668821220 0 0 0
5668821233 0 0 0
5668821246 0 0 0
5668821259 0 0 0
5668821272 0 0 0
5668821285 0 0 0
5668821298 0 0 0
5668821311 0 0 0
5668821324 0 0 0
5668821337 188 41 0
5668821350 3399 238 6
5668821363 121 36 0
5668821376 721 30 1
5668821389 1429 0 1
5668821402 1971 14 4
5668821415 0 0 0
5668821428 802 1 6
5668821441 921 25 0
5668821454 1428 165 2
5668821468 662 203 0
5668821481 893 209 2
5668821494 77 20 0
5668821507 0 0 0
5668821520 0 0 0
5668821533 0 0 0
5668821546 0 0 0
5668821559 0 0 0
5668821572 0 0 0
5668821585 0 0 0
5668821598 1364 166 5
5668821611 173 51 1
5668821624 92 71 0
5668821637 1415 141 0
5668821650 159 60 2
5668821663 555 138 0
5668821677 701 771 4
5668821690 1226 191 1
5668821703 1189 71 6
5668821716 791 159 4
5668821729 421 416 3
5668821742 311 267 2
5668821756 257 217 0
5668821769 1022 628 1
5668821782 123 22 0
5668821795 0 0 0
5668821808 0 0 0
5668821821 0 0 0
5668821834 0 0 0
5668821847 146 141 0
5668821860 165 166 3
5668821873 230 138 1
5668821886 666 294 2
5668821899 606 118 2
5668821913 256 76 2
5668821926 387 74 0
5668821939 814 168 2
5668821952 788 83 0
5668821966 843 180 4
5668821979 148 219 1
5668821992 522 833 4
5668822005 193 356 1
5668822019 335 534 2
5668822033 436 359 1
5668822046 306 289 1
5668822059 666 793 4
5668822072 114 139 0
5668822085 549 263 2
5668822098 39 9 0
5668822111 0 0 0
5668822124 0 0 0
5668822137 508 555 1
5668822150 886 775 3
5668822163 76 43 1
5668822177 174 96 1
5668822190 468 250 2
5668822204 382 111 4
5668822217 596 134 3
5668822231 404 135 1
5668822244 494 225 0
5668822257 0 0 0
5668822270 267 381 0
5668822283 102 152 0
5668822296 0 0 0
5668822309 611 616 2
5668822322 232 374 1
5668822336 390 503 3
5668822350 407 302 4
5668822363 500 337 4
5668822376 230 288 2
5668822389 258 423 2
5668822402 560 728 3
5668822415 192 271 0
5668822428 254 371 3
5668822441 447 628 5
5668822454 118 333 3
5668822468 251 196 3
5668822481 304 236 3
5668822494 322 321 1
5668822507 424 439 3
5668822521 238 297 2
5668822534 156 338 1
5668822547 104 308 2
5668822560 143 162 1
5668822573 0 0 0
5668822586 111 169 2
5668822599 0 0 0
5668822612 48 39 0
5668822626 510 563 7
5668822639 173 296 0
5668822652 136 355 1
5668822665 307 608 3
5668822678 167 332 3
5668822691 200 491 1
5668822704 291 487 1
5668822717 309 503 1
5668822730 227 444 1
5668822743 431 569 6
5668822756 304 399 1
5668822769 337 602 0
5668822782 287 470 3
5668822795 466 844 3
5668822808 200 304 1
5668822821 164 300 2
5668822834 218 494 0
5668822847 277 548 5
5668822860 0 0 0
5668822873 0 0 0
5668822886 280 240 3
5668822899 203 180 1
5668822912 13 45 0
5668822925 126 355 1
5668822939 63 190 2
5668822952 0 0 0
5668822965 38 107 1
5668822978 97 191 1
5668822991 100 178 1
5668823004 5 60 3
5668823017 0 0 0
5668823031 5 63 8
5668823044 20 53 8
5668823057 0 0 0
5668823071 21 208 14
5668823084 0 0 0
5668823097 2 4 0
5668823110 4 11 0
5668823124 10 81 11
5668823137 30 185 12
5668823150 24 168 13
5668823163 97 300 3
5668823176 92 251 2
5668823189 359 673 3
5668823202 190 389 1
5668823215 1 17 2
5668823228 0 0 0
5668823241 0 0 0
5668823254 0 0 0
5668823267 0 0 0
5668823280 0 0 0
5668823293 0 0 0
5668823306 0 0 0
5668823319 0 0 0
5668823332 0 0 0
5668823345 0 0 0
5668823358 0 0 0
5668823371 0 0 0
5668823384 0 0 0
5668823397 0 0 0
5668823410 0 0 0
5668823423 2 13 2
5668823437 0 43 3
5668823450 1 39 5