5667425517 4126 1 3
5667425517 3458 0 2
5667425517 2630 0 3
5667425517 3995 0 3
5667425517 4383 0 3
5667425517 8902 0 4
5667425517 8551 0 6
5667425517 9229 0 5
5667425517 4561 0 4
5667425517 8229 0 5
5667425517 4839 0 4
5667425517 3879 0 2
5667425517 6799 0 4
5667425517 4660 0 4
5667425517 7742 0 4
5667425530 5301 0 2
5667425530 5971 0 3
5667425530 6796 0 5
5667425530 5431 0 3
5667425530 5045 0 2
5667425530 526 0 0
5667425530 876 0 0
5667425530 197 0 0
5667425530 4868 0 3
5667425530 1198 0 0
5667425530 4588 0 1
5667425530 9426 0 3
5667425530 2627 0 1
5667425530 4767 0 3
5667425530 1690 0 0
5667425543 0 0 0
5667425543 0 0 0
5667425543 0 0 0
5667425543 0 0 0
5667425543 0 0 0
5667425543 0 0 0
5667425543 0 0 0
5667425543 0 0 0
5667425543 0 0 0
5667425543 0 0 0
5667425543 0 0 0
5667425543 0 0 0
5667425543 0 0 0
5667425543 0 0 0
5667425543 0 0 0
5667425556 0 0 0
5667425556 0 0 0
5667425556 0 0 0
5667425556 0 0 0
5667425556 0 0 0
5667425556 0 0 0
5667425556 0 0 0
5667425556 0 0 0
5667425556 0 0 0
5667425556 0 0 0
5667425556 0 0 0
5667425556 0 0 0
5667425556 0 0 0
5667425556 0 0 0
5667425556 0 0 0
5667425569 0 0 0
5667425569 0 0 0
5667425569 0 0 0
5667425569 0 0 0
5667425569 0 0 0
5667425569 0 0 0
5667425569 0 0 0
5667425569 0 0 0
5667425569 0 0 0
5667425569 0 0 0
5667425569 0 0 0
5667425569 0 0 0
5667425569 0 0 0
5667425569 0 0 0
5667425569 0 0 0
5667425582 0 0 0
5667425582 0 0 0
5667425582 0 0 0
5667425582 0 0 0
5667425582 0 0 0
5667425582 0 0 0
5667425582 0 0 0
5667425582 0 0 0
5667425582 0 0 0
5667425582 0 0 0
5667425582 0 0 0
5667425582 0 0 0
5667425582 0 0 0
5667425582 0 0 0
5667425582 0 0 0
5667425595 0 0 0
5667425595 0 0 0
5667425595 0 0 0
5667425595 0 0 0
5667425595 0 0 0
5667425595 0 0 0
5667425595 0 0 0
5667425595 0 0 0
5667425595 0 0 0
5667425595 0 0 0
5667425595 0 0 0
5667425595 0 0 0
5667425595 0 0 0
5667425595 0 0 0
5667425595 0 0 0
5667425608 0 0 0
5667425608 0 0 0
5667425608 0 0 0
5667425608 0 0 0
5667425608 0 0 0
5667425608 0 0 0
5667425608 0 0 0
5667425608 0 0 0
5667425608 0 0 0
5667425608 0 0 0
5667425608 0 0 0
5667425608 0 0 0
5667425608 0 0 0
5667425608 0 0 0
5667425608 0 0 0
5667425621 0 0 0
5667425621 0 0 0
5667425621 0 0 0
5667425621 0 0 0
5667425621 0 0 0
5667425621 0 0 0
5667425621 0 0 0
5667425621 0 0 0
5667425621 0 0 0
5667425621 0 0 0
5667425621 0 0 0
5667425621 0 0 0
5667425621 0 0 0
5667425621 0 0 0
5667425621 0 0 0
5667425634 0 0 0
5667425634 0 0 0
5667425634 0 0 0
5667425634 0 0 0
5667425634 0 0 0
5667425634 0 0 0
5667425634 0 0 0
5667425634 0 0 0
5667425634 0 0 0
5667425634 0 0 0
5667425634 0 0 0
5667425634 0 0 0
5667425634 0 0 0
5667425634 0 0 0
5667425634 0 0 0
5667425647 0 0 0
5667425647 0 0 0
5667425647 0 0 0
5667425647 0 0 0
5667425647 0 0 0
5667425647 0 0 0
5667425647 0 0 0
5667425647 0 0 0
5667425647 0 0 0
5667425647 0 0 0
5667425647 0 0 0
5667425647 0 0 0
5667425647 0 0 0
5667425647 0 0 0
5667425647 0 0 0
5667425660 0 0 0
5667425660 0 0 0
5667425660 0 0 0
5667425660 0 0 0
5667425660 0 0 0
5667425660 0 0 0
5667425660 0 0 0
5667425660 0 0 0
5667425660 0 0 0
5667425660 0 0 0
5667425660 0 0 0
5667425660 0 0 0
5667425660 0 0 0
5667425660 0 0 0
5667425660 0 0 0
5667425673 0 0 0
5667425673 0 0 0
5667425673 0 0 0
5667425673 0 0 0
5667425673 0 0 0
5667425673 0 0 0
5667425673 0 0 0
5667425673 0 0 0
5667425673 0 0 0
5667425673 0 0 0
5667425673 0 0 0
5667425673 0 0 0
5667425673 0 0 0
5667425673 0 0 0
5667425673 0 0 0
5667425686 0 0 0
5667425686 0 0 0
5667425686 0 0 0
5667425686 0 0 0
5667425686 0 0 0
5667425686 0 0 0
5667425686 0 0 0
5667425686 0 0 0
5667425686 0 0 0
5667425686 0 0 0
5667425686 0 0 0
5667425686 0 0 0
5667425686 0 0 0
5667425686 0 0 0
5667425686 0 0 0
5667425699 0 0 0
5667425699 0 0 0
5667425699 0 0 0
5667425699 0 0 0
5667425699 0 0 0
5667425699 0 0 0
5667425699 0 0 0
5667425699 0 0 0
5667425699 0 0 0
5667425699 0 0 0
5667425699 0 0 0
5667425699 0 0 0
5667425699 0 0 0
5667425699 0 0 0
5667425699 0 0 0
5667425712 0 0 0
5667425712 0 0 0
5667425712 0 0 0
5667425712 0 0 0
5667425712 0 0 0
5667425712 0 0 0
5667425712 0 0 0
5667425712 0 0 0
5667425712 0 0 0
5667425712 0 0 0
5667425712 0 0 0
5667425712 0 0 0
5667425712 0 0 0
5667425712 0 0 0
5667425712 0 0 0
5667425725 0 0 0
5667425725 0 0 0
5667425725 0 0 0
5667425725 0 0 0
5667425725 0 0 0
5667425725 0 0 0
5667425725 0 0 0
5667425725 0 0 0
5667425725 0 0 0
5667425725 0 0 0
5667425725 0 0 0
5667425725 0 0 0
5667425725 0 0 0
5667425725 0 0 0
5667425725 0 0 0
5667425738 0 0 0
5667425738 0 0 0
5667425738 0 0 0
5667425738 0 0 0
5667425738 0 0 0
5667425738 0 0 0
5667425738 0 0 0
5667425738 0 0 0
5667425738 0 0 0
5667425738 0 0 0
5667425738 0 0 0
5667425738 0 0 0
5667425738 0 0 0
5667425738 0 0 0
5667425738 0 0 0
5667425751 0 0 0
5667425751 0 0 0
5667425751 0 0 0
5667425751 0 0 0
5667425751 0 0 0
5667425751 0 0 0
5667425751 0 0 0
5667425751 0 0 0
5667425751 0 0 0
5667425751 0 0 0
5667425751 0 0 0
5667425751 0 0 0
5667425751 0 0 0
5667425751 0 0 0
5667425751 0 0 0
5667425764 0 0 0
5667425764 0 0 0
5667425764 0 0 0
5667425764 0 0 0
5667425764 0 0 0
5667425764 0 0 0
5667425764 0 0 0
5667425764 0 0 0
5667425764 0 0 0
5667425764 0 0 0
5667425764 0 0 0
5667425764 0 0 0
5667425764 0 0 0
5667425764 0 0 0
5667425764 0 0 0
5667425777 3241 0 2
5667425777 5036 0 2
5667425777 4995 0 2
5667425777 2518 0 1
5667425777 2499 0 1
5667425777 7425 0 3
5667425777 7425 0 3
5667425777 7425 0 3
5667425777 7416 0 4
5667425777 7425 0 3
5667425777 7425 0 3
5667425777 3293 0 2
5667425777 4204 0 2
5667425777 3975 0 2
5667425777 5205 0 2
5667425790 4184 0 1
5667425790 2389 0 0
5667425790 2430 0 1
5667425790 4907 0 3
5667425790 4926 0 3
5667425790 0 0 0
5667425790 0 0 0
5667425790 0 0 0
5667425790 9 0 0
5667425790 0 0 0
5667425790 0 0 0
5667425790 4132 0 1
5667425790 3221 0 1
5667425790 3450 0 2
5667425790 2220 0 0
5667425803 0 0 0
5667425803 0 0 0
5667425803 0 0 0
5667425803 0 0 0
5667425803 0 0 0
5667425803 0 0 0
5667425803 0 0 0
5667425803 0 0 0
5667425803 0 0 0
5667425803 0 0 0
5667425803 0 0 0
5667425803 0 0 0
5667425803 0 0 0
5667425803 0 0 0
5667425803 0 0 0
5667425816 0 0 0
5667425816 0 0 0
5667425816 0 0 0
5667425816 0 0 0
5667425816 0 0 0
5667425816 0 0 0
5667425816 0 0 0
5667425816 0 0 0
5667425816 0 0 0
5667425816 0 0 0
5667425816 0 0 0
5667425816 0 0 0
5667425816 0 0 0
5667425816 0 0 0
5667425816 0 0 0
5667425829 0 0 0
5667425829 0 0 0
5667425829 0 0 0
5667425829 0 0 0
5667425829 0 0 0
5667425829 0 0 0
5667425829 0 0 0
5667425829 0 0 0
5667425829 0 0 0
5667425829 0 0 0
5667425829 0 0 0
5667425829 0 0 0
5667425829 0 0 0
5667425829 0 0 0
5667425829 0 0 0
5667425842 0 0 0
5667425842 0 0 0
5667425842 0 0 0
5667425842 0 0 0
5667425842 0 0 0
5667425842 0 0 0
5667425842 0 0 0
5667425842 0 0 0
5667425842 0 0 0
5667425842 0 0 0
5667425842 0 0 0
5667425842 0 0 0
5667425842 0 0 0
5667425842 0 0 0
5667425842 0 0 0
5667425855 0 0 0
5667425855 0 0 0
5667425855 0 0 0
5667425855 0 0 0
5667425855 0 0 0
5667425855 0 0 0
5667425855 0 0 0
5667425855 0 0 0
5667425855 0 0 0
5667425855 0 0 0
5667425855 0 0 0
5667425855 0 0 0
5667425855 0 0 0
5667425855 0 0 0
5667425855 0 0 0
5667425868 0 0 0
5667425868 0 0 0
5667425868 0 0 0
5667425868 0 0 0
5667425868 0 0 0
5667425868 0 0 0
5667425868 0 0 0
5667425868 0 0 0
5667425868 0 0 0
5667425868 0 0 0
5667425868 0 0 0
5667425868 0 0 0
5667425868 0 0 0
5667425868 0 0 0
5667425868 0 0 0
5667425881 0 0 0
5667425881 0 0 0
5667425881 0 0 0
5667425881 0 0 0
5667425881 0 0 0
5667425881 0 0 0
5667425881 0 0 0
5667425881 0 0 0
5667425881 0 0 0
5667425881 0 0 0
5667425881 0 0 0
5667425881 0 0 0
5667425881 0 0 0
5667425881 0 0 0
5667425881 0 0 0
5667425894 0 0 0
5667425894 0 0 0
5667425894 0 0 0
5667425894 0 0 0
5667425894 0 0 0
5667425894 0 0 0
5667425894 0 0 0
5667425894 0 0 0
5667425894 0 0 0
5667425894 0 0 0
5667425894 0 0 0
5667425894 0 0 0
5667425894 0 0 0
5667425894 0 0 0
5667425894 0 0 0
5667425907 0 0 0
5667425907 0 0 0
5667425907 0 0 0
5667425907 0 0 0
5667425907 0 0 0
5667425907 0 0 0
5667425907 0 0 0
5667425907 0 0 0
5667425907 0 0 0
5667425907 0 0 0
5667425907 0 0 0
5667425907 0 0 0
5667425907 0 0 0
5667425907 0 0 0
5667425907 0 0 0
5667425920 0 0 0
5667425920 0 0 0
5667425920 0 0 0
5667425920 0 0 0
5667425920 0 0 0
5667425920 0 0 0
5667425920 0 0 0
5667425920 0 0 0
5667425920 0 0 0
5667425920 0 0 0
5667425920 0 0 0
5667425920 0 0 0
5667425920 0 0 0
5667425920 0 0 0
5667425920 0 0 0
5667425933 0 0 0
5667425933 0 0 0
5667425933 0 0 0
5667425933 0 0 0
5667425933 0 0 0
5667425933 0 0 0
5667425933 0 0 0
5667425933 0 0 0
5667425933 0 0 0
5667425933 0 0 0
5667425933 0 0 0
5667425933 0 0 0
5667425933 0 0 0
5667425933 0 0 0
5667425933 0 0 0
5667425946 0 0 0
5667425946 0 0 0
5667425946 0 0 0
5667425946 0 0 0
5667425946 0 0 0
5667425946 0 0 0
5667425946 0 0 0
5667425946 0 0 0
5667425946 0 0 0
5667425946 0 0 0
5667425946 0 0 0
5667425946 0 0 0
5667425946 0 0 0
5667425946 0 0 0
5667425946 0 0 0
5667425959 0 0 0
5667425959 0 0 0
5667425959 0 0 0
5667425959 0 0 0
5667425959 0 0 0
5667425959 0 0 0
5667425959 0 0 0
5667425959 0 0 0
5667425959 0 0 0
5667425959 0 0 0
5667425959 0 0 0
5667425959 0 0 0
5667425959 0 0 0
5667425959 0 0 0
5667425959 0 0 0
5667425972 0 0 0
5667425972 0 0 0
5667425972 0 0 0
5667425972 0 0 0
5667425972 0 0 0
5667425972 0 0 0
5667425972 0 0 0
5667425972 0 0 0
5667425972 0 0 0
5667425972 0 0 0
5667425972 0 0 0
5667425972 0 0 0
5667425972 0 0 0
5667425972 0 0 0
5667425972 0 0 0
5667425985 0 0 0
5667425985 0 0 0
5667425985 0 0 0
5667425985 0 0 0
5667425985 0 0 0
5667425985 0 0 0
5667425985 0 0 0
5667425985 0 0 0
5667425985 0 0 0
5667425985 0 0 0
5667425985 0 0 0
5667425985 0 0 0
5667425985 0 0 0
5667425985 0 0 0
5667425985 0 0 0
5667425998 0 0 0
5667425998 0 0 0
5667425998 0 0 0
5667425998 0 0 0
5667425998 0 0 0
5667425998 0 0 0
5667425998 0 0 0
5667425998 0 0 0
5667425998 0 0 0
5667425998 0 0 0
5667425998 0 0 0
5667425998 0 0 0
5667425998 0 0 0
5667425998 0 0 0
5667425998 0 0 0
5667426011 0 0 0
5667426011 0 0 0
5667426011 0 0 0
5667426011 0 0 0
5667426011 0 0 0
5667426011 0 0 0
5667426011 0 0 0
5667426011 0 0 0
5667426011 0 0 0
5667426011 0 0 0
5667426011 0 0 0
5667426011 0 0 0
5667426011 0 0 0
5667426011 0 0 0
5667426011 0 0 0
5667426024 0 0 0
5667426024 0 0 0
5667426024 0 0 0
5667426024 0 0 0
5667426024 0 0 0
5667426024 4244 0 2
5667426024 4772 0 2
5667426024 0 0 0
5667426024 0 0 0
5667426024 6047 0 3
5667426024 0 0 0
5667426024 0 0 0
5667426024 0 0 0
5667426024 0 0 0
5667426024 0 0 0
5667426037 6047 0 2
5667426037 6047 0 4
5667426037 6047 0 3
5667426037 6047 0 2
5667426037 6047 0 1
5667426037 1803 0 0
5667426037 1275 0 1
5667426037 6047 0 2
5667426037 6047 0 2
5667426037 0 0 0
5667426037 6047 0 2
5667426037 6047 0 4
5667426037 6047 0 3
5667426037 6047 0 2
5667426037 6047 0 3
5667426050 0 0 0
5667426050 0 0 0
5667426050 0 0 0
5667426050 0 0 0
5667426050 0 0 0
5667426050 0 0 0
5667426050 0 0 0
5667426050 0 0 0
5667426050 0 0 0
5667426050 0 0 0
5667426050 0 0 0
5667426050 0 0 0
5667426050 0 0 0
5667426050 0 0 0
5667426050 0 0 0
5667426063 0 0 0
5667426063 0 0 0
5667426063 0 0 0
5667426063 0 0 0
5667426063 0 0 0
5667426063 0 0 0
5667426063 0 0 0
5667426063 0 0 0
5667426063 0 0 0
5667426063 0 0 0
5667426063 0 0 0
5667426063 0 0 0
5667426063 0 0 0
5667426063 0 0 0
5667426063 0 0 0
5667426076 0 0 0
5667426076 0 0 0
5667426076 0 0 0
5667426076 0 0 0
5667426076 0 0 0
5667426076 0 0 0
5667426076 0 0 0
5667426076 0 0 0
5667426076 0 0 0
5667426076 0 0 0
5667426076 0 0 0
5667426076 0 0 0
5667426076 0 0 0
5667426076 0 0 0
5667426076 0 0 0
5667426089 0 0 0
5667426089 0 0 0
5667426089 0 0 0
5667426089 0 0 0
5667426089 0 0 0
5667426089 0 0 0
5667426089 0 0 0
5667426089 0 0 0
5667426089 0 0 0
5667426089 0 0 0
5667426089 0 0 0
5667426089 0 0 0
5667426089 0 0 0
5667426089 0 0 0
5667426089 0 0 0
5667426102 0 0 0
5667426102 0 0 0
5667426102 0 0 0
5667426102 0 0 0
5667426102 0 0 0
5667426102 0 0 0
5667426102 0 0 0
5667426102 0 0 0
5667426102 0 0 0
5667426102 0 0 0
5667426102 0 0 0
5667426102 0 0 0
5667426102 0 0 0
5667426102 0 0 0
5667426102 0 0 0
5667426115 0 0 0
5667426115 0 0 0
5667426115 0 0 0
5667426115 0 0 0
5667426115 0 0 0
5667426115 0 0 0
5667426115 0 0 0
5667426115 0 0 0
5667426115 0 0 0
5667426115 0 0 0
5667426115 0 0 0
5667426115 0 0 0
5667426115 0 0 0
5667426115 0 0 0
5667426115 0 0 0
5667426128 0 0 0
5667426128 0 0 0
5667426128 0 0 0
5667426128 0 0 0
5667426128 0 0 0
5667426128 0 0 0
5667426128 0 0 0
5667426128 0 0 0
5667426128 0 0 0
5667426128 0 0 0
5667426128 0 0 0
5667426128 0 0 0
5667426128 0 0 0
5667426128 0 0 0
5667426128 0 0 0
5667426141 0 0 0
5667426141 0 0 0
5667426141 0 0 0
5667426141 0 0 0
5667426141 0 0 0
5667426141 0 0 0
5667426141 0 0 0
5667426141 0 0 0
5667426141 0 0 0
5667426141 0 0 0
5667426141 0 0 0
5667426141 0 0 0
5667426141 0 0 0
5667426141 0 0 0
5667426141 0 0 0
5667426154 0 0 0
5667426154 0 0 0
5667426154 0 0 0
5667426154 0 0 0
5667426154 0 0 0
5667426154 0 0 0
5667426154 0 0 0
5667426154 0 0 0
5667426154 0 0 0
5667426154 0 0 0
5667426154 0 0 0
5667426154 0 0 0
5667426154 0 0 0
5667426154 0 0 0
5667426154 0 0 0
5667426167 0 0 0
5667426167 0 0 0
5667426167 0 0 0
5667426167 0 0 0
5667426167 0 0 0
5667426167 0 0 0
5667426167 0 0 0
5667426167 0 0 0
5667426167 0 0 0
5667426167 0 0 0
5667426167 0 0 0
5667426167 0 0 0
5667426167 0 0 0
5667426167 0 0 0
5667426167 0 0 0
5667426180 0 0 0
5667426180 0 0 0
5667426180 0 0 0
5667426180 0 0 0
5667426180 0 0 0
5667426180 0 0 0
5667426180 0 0 0
5667426180 0 0 0
5667426180 0 0 0
5667426180 0 0 0
5667426180 0 0 0
5667426180 0 0 0
5667426180 0 0 0
5667426180 0 0 0
5667426180 0 0 0
5667426193 0 0 0
5667426193 0 0 0
5667426193 0 0 0
5667426193 0 0 0
5667426193 0 0 0
5667426193 0 0 0
5667426193 0 0 0
5667426193 0 0 0
5667426193 0 0 0
5667426193 0 0 0
5667426193 0 0 0
5667426193 0 0 0
5667426193 0 0 0
5667426193 0 0 0
5667426193 0 0 0
5667426206 0 0 0
5667426206 0 0 0
5667426206 0 0 0
5667426206 0 0 0
5667426206 0 0 0
5667426206 0 0 0
5667426206 0 0 0
5667426206 0 0 0
5667426206 0 0 0
5667426206 0 0 0
5667426206 0 0 0
5667426206 0 0 0
5667426206 0 0 0
5667426206 0 0 0
5667426206 0 0 0
5667426219 0 0 0
5667426219 0 0 0
5667426219 0 0 0
5667426219 0 0 0
5667426219 0 0 0
5667426219 0 0 0
5667426219 0 0 0
5667426219 0 0 0
5667426219 0 0 0
5667426219 0 0 0
5667426219 0 0 0
5667426219 0 0 0
5667426219 0 0 0
5667426219 0 0 0
5667426219 0 0 0
5667426232 0 0 0
5667426232 0 0 0
5667426232 0 0 0
5667426232 0 0 0
5667426232 0 0 0
5667426232 0 0 0
5667426232 0 0 0
5667426232 0 0 0
5667426232 0 0 0
5667426232 0 0 0
5667426232 0 0 0
5667426232 0 0 0
5667426232 0 0 0
5667426232 0 0 0
5667426232 0 0 0
5667426245 0 0 0
5667426245 0 0 0
5667426245 0 0 0
5667426245 0 0 0
5667426245 0 0 0
5667426245 0 0 0
5667426245 0 0 0
5667426245 0 0 0
5667426245 0 0 0
5667426245 0 0 0
5667426245 0 0 0
5667426245 0 0 0
5667426245 0 0 0
5667426245 0 0 0
5667426245 0 0 0
5667426258 0 0 0
5667426258 0 0 0
5667426258 0 0 0
5667426258 0 0 0
5667426258 0 0 0
5667426258 0 0 0
5667426258 0 0 0
5667426258 0 0 0
5667426258 0 0 0
5667426258 0 0 0
5667426258 0 0 0
5667426258 0 0 0
5667426258 0 0 0
5667426258 0 0 0
5667426258 0 0 0
5667426271 0 0 0
5667426271 0 0 0
5667426271 0 0 0
5667426271 0 0 0
5667426271 0 0 0
5667426271 0 0 0
5667426271 0 0 0
5667426271 0 0 0
5667426271 0 0 0
5667426271 0 0 0
5667426271 0 0 0
5667426271 0 0 0
5667426271 0 0 0
5667426271 0 0 0
5667426271 0 0 0
5667426284 0 0 0
5667426284 2472 0 1
5667426284 3515 0 2
5667426284 0 0 0
5667426284 282 0 1
5667426284 5055 0 3
5667426284 5055 0 3
5667426284 5055 0 2
5667426284 5055 0 2
5667426284 5055 0 2
5667426284 5055 0 2
5667426284 0 0 0
5667426284 0 0 0
5667426284 0 0 0
5667426284 5055 0 2
5667426297 5055 0 2
5667426297 2583 0 0
5667426297 1540 0 0
5667426297 5055 0 2
5667426297 4773 0 0
5667426297 0 0 0
5667426297 0 0 0
5667426297 0 0 0
5667426297 0 0 0
5667426297 0 0 0
5667426297 0 0 0
5667426297 5055 0 3
5667426297 5055 0 2
5667426297 5055 0 3
5667426297 0 0 0
5667426310 0 0 0
5667426310 0 0 0
5667426310 0 0 0
5667426310 0 0 0
5667426310 0 0 0
5667426310 0 0 0
5667426310 0 0 0
5667426310 0 0 0
5667426310 0 0 0
5667426310 0 0 0
5667426310 0 0 0
5667426310 0 0 0
5667426310 0 0 0
5667426310 0 0 0
5667426310 0 0 0
5667426323 0 0 0
5667426323 0 0 0
5667426323 0 0 0
5667426323 0 0 0
5667426323 0 0 0
5667426323 0 0 0
5667426323 0 0 0
5667426323 0 0 0
5667426323 0 0 0
5667426323 0 0 0
5667426323 0 0 0
5667426323 0 0 0
5667426323 0 0 0
5667426323 0 0 0
5667426323 0 0 0
5667426336 0 0 0
5667426336 0 0 0
5667426336 0 0 0
5667426336 0 0 0
5667426336 0 0 0
5667426336 0 0 0
5667426336 0 0 0
5667426336 0 0 0
5667426336 0 0 0
5667426336 0 0 0
5667426336 0 0 0
5667426336 0 0 0
5667426336 0 0 0
5667426336 0 0 0
5667426336 0 0 0
5667426349 0 0 0
5667426349 0 0 0
5667426349 0 0 0
5667426349 0 0 0
5667426349 0 0 0
5667426349 0 0 0
5667426349 0 0 0
5667426349 0 0 0
5667426349 0 0 0
5667426349 0 0 0
5667426349 0 0 0
5667426349 0 0 0
5667426349 0 0 0
5667426349 0 0 0
5667426349 0 0 0
5667426362 0 0 0
5667426362 0 0 0
5667426362 0 0 0
5667426362 0 0 0
5667426362 0 0 0
5667426362 0 0 0
5667426362 0 0 0
5667426362 0 0 0
5667426362 0 0 0
5667426362 0 0 0
5667426362 0 0 0
5667426362 0 0 0
5667426362 0 0 0
5667426362 0 0 0
5667426362 0 0 0
5667426375 0 0 0
5667426375 0 0 0
5667426375 0 0 0
5667426375 0 0 0
5667426375 0 0 0
5667426375 0 0 0
5667426375 0 0 0
5667426375 0 0 0
5667426375 0 0 0
5667426375 0 0 0
5667426375 0 0 0
5667426375 0 0 0
5667426375 0 0 0
5667426375 0 0 0
5667426375 0 0 0
5667426388 0 0 0
5667426388 0 0 0
5667426388 0 0 0
5667426388 0 0 0
5667426388 0 0 0
5667426388 0 0 0
5667426388 0 0 0
5667426388 0 0 0
5667426388 0 0 0
5667426388 0 0 0
5667426388 0 0 0
5667426388 0 0 0
5667426388 0 0 0
5667426388 0 0 0
5667426388 0 0 0
5667426401 0 0 0
5667426401 0 0 0
5667426401 0 0 0
5667426401 0 0 0
5667426401 0 0 0
5667426401 0 0 0
5667426401 0 0 0
5667426401 0 0 0
5667426401 0 0 0
5667426401 0 0 0
5667426401 0 0 0
5667426401 0 0 0
5667426401 0 0 0
5667426401 0 0 0
5667426401 0 0 0
5667426414 0 0 0
5667426414 0 0 0
5667426414 0 0 0
5667426414 0 0 0
5667426414 0 0 0
5667426414 0 0 0
5667426414 0 0 0
5667426414 0 0 0
5667426414 0 0 0
5667426414 0 0 0
5667426414 0 0 0
5667426414 0 0 0
5667426414 0 0 0
5667426414 0 0 0
5667426414 0 0 0
5667426427 0 0 0
5667426427 0 0 0
5667426427 0 0 0
5667426427 0 0 0
5667426427 0 0 0
5667426427 0 0 0
5667426427 0 0 0
5667426427 0 0 0
5667426427 0 0 0
5667426427 0 0 0
5667426427 0 0 0
5667426427 0 0 0
5667426427 0 0 0
5667426427 0 0 0
5667426427 0 0 0
5667426440 0 0 0
5667426440 0 0 0
5667426440 0 0 0
5667426440 0 0 0
5667426440 0 0 0
5667426440 0 0 0
5667426440 0 0 0
5667426440 0 0 0
5667426440 0 0 0
5667426440 0 0 0
5667426440 0 0 0
5667426440 0 0 0
5667426440 0 0 0
5667426440 0 0 0
5667426440 0 0 0
5667426453 0 0 0
5667426453 0 0 0
5667426453 0 0 0
5667426453 0 0 0
5667426453 0 0 0
5667426453 0 0 0
5667426453 0 0 0
5667426453 0 0 0
5667426453 0 0 0
5667426453 0 0 0
5667426453 0 0 0
5667426453 0 0 0
5667426453 0 0 0
5667426453 0 0 0
5667426453 0 0 0
5667426466 0 0 0
5667426466 0 0 0
5667426466 0 0 0
5667426466 0 0 0
5667426466 0 0 0
5667426466 0 0 0
5667426466 0 0 0
5667426466 0 0 0
5667426466 0 0 0
5667426466 0 0 0
5667426466 0 0 0
5667426466 0 0 0
5667426466 0 0 0
5667426466 0 0 0
5667426466 0 0 0
5667426479 0 0 0
5667426479 0 0 0
5667426479 0 0 0
5667426479 0 0 0
5667426479 0 0 0
5667426479 0 0 0
5667426479 0 0 0
5667426479 0 0 0
5667426479 0 0 0
5667426479 0 0 0
5667426479 0 0 0
5667426479 0 0 0
5667426479 0 0 0
5667426479 0 0 0
5667426479 0 0 0
5667426492 0 0 0
5667426492 0 0 0
5667426492 0 0 0
5667426492 0 0 0
5667426492 0 0 0
5667426492 0 0 0
5667426492 0 0 0
5667426492 0 0 0
5667426492 0 0 0
5667426492 0 0 0
5667426492 0 0 0
5667426492 0 0 0
5667426492 0 0 0
5667426492 0 0 0
5667426492 0 0 0
5667426505 0 0 0
5667426505 0 0 0
5667426505 0 0 0
5667426505 0 0 0
5667426505 0 0 0
5667426505 0 0 0
5667426505 0 0 0
5667426505 0 0 0
5667426505 0 0 0
5667426505 0 0 0
5667426505 0 0 0
5667426505 0 0 0
5667426505 0 0 0
5667426505 0 0 0
5667426505 0 0 0
5667426518 0 0 0
5667426518 0 0 0
5667426518 0 0 0
5667426518 0 0 0
5667426518 0 0 0
5667426518 0 0 0
5667426518 0 0 0
5667426518 0 0 0
5667426518 0 0 0
5667426518 0 0 0
5667426518 0 0 0
5667426518 0 0 0
5667426518 0 0 0
5667426518 0 0 0
5667426518 0 0 0
5667426531 0 0 0
5667426531 0 0 0
5667426531 0 0 0
5667426531 0 0 0
5667426531 0 0 0
5667426531 4100 0 2
5667426531 4100 0 2
5667426531 0 0 0
5667426531 0 0 0
5667426531 4100 0 1
5667426531 644 0 1
5667426531 0 0 0
5667426531 0 0 0
5667426531 0 0 0
5667426531 0 0 0
5667426544 4100 0 1
5667426544 4100 0 1
5667426544 4100 0 1
5667426544 4100 0 3
5667426544 4100 0 1
5667426544 0 0 0
5667426544 0 0 0
5667426544 4100 0 2
5667426544 4100 0 2
5667426544 0 0 0
5667426544 3456 0 1
5667426544 4100 0 0
5667426544 4100 0 2
5667426544 4100 0 1
5667426544 4100 0 2
5667426557 0 0 0
5667426557 0 0 0
5667426557 0 0 0
5667426557 0 0 0
5667426557 0 0 0
5667426557 0 0 0
5667426557 0 0 0
5667426557 0 0 0
5667426557 0 0 0
5667426557 0 0 0
5667426557 0 0 0
5667426557 0 0 0
5667426557 0 0 0
5667426557 0 0 0
5667426557 0 0 0
5667426570 0 0 0
5667426570 0 0 0
5667426570 0 0 0
5667426570 0 0 0
5667426570 0 0 0
5667426570 0 0 0
5667426570 0 0 0
5667426570 0 0 0
5667426570 0 0 0
5667426570 0 0 0
5667426570 0 0 0
5667426570 0 0 0
5667426570 0 0 0
5667426570 0 0 0
5667426570 0 0 0
5667426583 0 0 0
5667426583 0 0 0
5667426583 0 0 0
5667426583 0 0 0
5667426583 0 0 0
5667426583 0 0 0
5667426583 0 0 0
5667426583 0 0 0
5667426583 0 0 0
5667426583 0 0 0
5667426583 0 0 0
5667426583 0 0 0
5667426583 0 0 0
5667426583 0 0 0
5667426583 0 0 0
5667426596 0 0 0
5667426596 0 0 0
5667426596 0 0 0
5667426596 0 0 0
5667426596 0 0 0
5667426596 0 0 0
5667426596 0 0 0
5667426596 0 0 0
5667426596 0 0 0
5667426596 0 0 0
5667426596 0 0 0
5667426596 0 0 0
5667426596 0 0 0
5667426596 0 0 0
5667426596 0 0 0
5667426609 0 0 0
5667426609 0 0 0
5667426609 0 0 0
5667426609 0 0 0
5667426609 0 0 0
5667426609 0 0 0
5667426609 0 0 0
5667426609 0 0 0
5667426609 0 0 0
5667426609 0 0 0
5667426609 0 0 0
5667426609 0 0 0
5667426609 0 0 0
5667426609 0 0 0
5667426609 0 0 0
5667426622 0 0 0
5667426622 0 0 0
5667426622 0 0 0
5667426622 0 0 0
5667426622 0 0 0
5667426622 0 0 0
5667426622 0 0 0
5667426622 0 0 0
5667426622 0 0 0
5667426622 0 0 0
5667426622 0 0 0
5667426622 0 0 0
5667426622 0 0 0
5667426622 0 0 0
5667426622 0 0 0
5667426635 0 0 0
5667426635 0 0 0
5667426635 0 0 0
5667426635 0 0 0
5667426635 0 0 0
5667426635 0 0 0
5667426635 0 0 0
5667426635 0 0 0
5667426635 0 0 0
5667426635 0 0 0
5667426635 0 0 0
5667426635 0 0 0
5667426635 0 0 0
5667426635 0 0 0
5667426635 0 0 0
5667426648 0 0 0
5667426648 0 0 0
5667426648 0 0 0
5667426648 0 0 0
5667426648 0 0 0
5667426648 0 0 0
5667426648 0 0 0
5667426648 0 0 0
5667426648 0 0 0
5667426648 0 0 0
5667426648 0 0 0
5667426648 0 0 0
5667426648 0 0 0
5667426648 0 0 0
5667426648 0 0 0
5667426661 0 0 0
5667426661 0 0 0
5667426661 0 0 0
5667426661 0 0 0
5667426661 0 0 0
5667426661 0 0 0
5667426661 0 0 0
5667426661 0 0 0
5667426661 0 0 0
5667426661 0 0 0
5667426661 0 0 0
5667426661 0 0 0
5667426661 0 0 0
5667426661 0 0 0
5667426661 0 0 0
5667426674 0 0 0
5667426674 0 0 0
5667426674 0 0 0
5667426674 0 0 0
5667426674 0 0 0
5667426674 0 0 0
5667426674 0 0 0
5667426674 0 0 0
5667426674 0 0 0
5667426674 0 0 0
5667426674 0 0 0
5667426674 0 0 0
5667426674 0 0 0
5667426674 0 0 0
5667426674 0 0 0
5667426687 0 0 0
5667426687 0 0 0
5667426687 0 0 0
5667426687 0 0 0
5667426687 0 0 0
5667426687 0 0 0
5667426687 0 0 0
5667426687 0 0 0
5667426687 0 0 0
5667426687 0 0 0
5667426687 0 0 0
5667426687 0 0 0
5667426687 0 0 0
5667426687 0 0 0
5667426687 0 0 0
5667426700 0 0 0
5667426700 0 0 0
5667426700 0 0 0
5667426700 0 0 0
5667426700 0 0 0
5667426700 0 0 0
5667426700 0 0 0
5667426700 0 0 0
5667426700 0 0 0
5667426700 0 0 0
5667426700 0 0 0
5667426700 0 0 0
5667426700 0 0 0
5667426700 0 0 0
5667426700 0 0 0
5667426713 0 0 0
5667426713 0 0 0
5667426713 0 0 0
5667426713 0 0 0
5667426713 0 0 0
5667426713 0 0 0
5667426713 0 0 0
5667426713 0 0 0
5667426713 0 0 0
5667426713 0 0 0
5667426713 0 0 0
5667426713 0 0 0
5667426713 0 0 0
5667426713 0 0 0
5667426713 0 0 0
5667426726 0 0 0
5667426726 0 0 0
5667426726 0 0 0
5667426726 0 0 0
5667426726 0 0 0
5667426726 0 0 0
5667426726 0 0 0
5667426726 0 0 0
5667426726 0 0 0
5667426726 0 0 0
5667426726 0 0 0
5667426726 0 0 0
5667426726 0 0 0
5667426726 0 0 0
5667426726 0 0 0
5667426739 0 0 0
5667426739 0 0 0
5667426739 0 0 0
5667426739 0 0 0
5667426739 0 0 0
5667426739 0 0 0
5667426739 0 0 0
5667426739 0 0 0
5667426739 0 0 0
5667426739 0 0 0
5667426739 0 0 0
5667426739 0 0 0
5667426739 0 0 0
5667426739 0 0 0
5667426739 0 0 0
5667426752 0 0 0
5667426752 0 0 0
5667426752 0 0 0
5667426752 0 0 0
5667426752 0 0 0
5667426752 0 0 0
5667426752 0 0 0
5667426752 0 0 0
5667426752 0 0 0
5667426752 0 0 0
5667426752 0 0 0
5667426752 0 0 0
5667426752 0 0 0
5667426752 0 0 0
5667426752 0 0 0
5667426765 0 0 0
5667426765 0 0 0
5667426765 0 0 0
5667426765 0 0 0
5667426765 0 0 0
5667426765 0 0 0
5667426765 0 0 0
5667426765 0 0 0
5667426765 0 0 0
5667426765 0 0 0
5667426765 0 0 0
5667426765 0 0 0
5667426765 0 0 0
5667426765 0 0 0
5667426765 0 0 0
5667426778 0 0 0
5667426778 0 0 0
5667426778 0 0 0
5667426778 0 0 0
5667426778 0 0 0
5667426778 0 0 0
5667426778 0 0 0
5667426778 0 0 0
5667426778 0 0 0
5667426778 3229 0 2
5667426778 0 0 0
5667426778 0 0 0
5667426778 0 0 0
5667426778 0 0 0
5667426778 0 0 0
5667426791 2493 0 1
5667426791 3438 0 2
5667426791 3438 0 2
5667426791 0 0 0
5667426791 3438 0 2
5667426791 3438 0 1
5667426791 3438 0 1
5667426791 3438 0 1
5667426791 3438 0 2
5667426791 209 0 0
5667426791 3438 0 2
5667426791 0 0 0
5667426791 0 0 0
5667426791 779 0 1
5667426791 3438 0 2
5667426804 945 0 0
5667426804 0 0 0
5667426804 0 0 0
5667426804 3438 0 2
5667426804 0 0 0
5667426804 0 0 0
5667426804 0 0 0
5667426804 0 0 0
5667426804 0 0 0
5667426804 0 0 0
5667426804 0 0 0
5667426804 3438 0 0
5667426804 3438 0 2
5667426804 2659 0 1
5667426804 0 0 0
5667426817 0 0 0
5667426817 0 0 0
5667426817 0 0 0
5667426817 0 0 0
5667426817 0 0 0
5667426817 0 0 0
5667426817 0 0 0
5667426817 0 0 0
5667426817 0 0 0
5667426817 0 0 0
5667426817 0 0 0
5667426817 0 0 0
5667426817 0 0 0
5667426817 0 0 0
5667426817 0 0 0
5667426830 0 0 0
5667426830 0 0 0
5667426830 0 0 0
5667426830 0 0 0
5667426830 0 0 0
5667426830 0 0 0
5667426830 0 0 0
5667426830 0 0 0
5667426830 0 0 0
5667426830 0 0 0
5667426830 0 0 0
5667426830 0 0 0
5667426830 0 0 0
5667426830 0 0 0
5667426830 0 0 0
5667426843 0 0 0
5667426843 0 0 0
5667426843 0 0 0
5667426843 0 0 0
5667426843 0 0 0
5667426843 0 0 0
5667426843 0 0 0
5667426843 0 0 0
5667426843 0 0 0
5667426843 0 0 0
5667426843 0 0 0
5667426843 0 0 0
5667426843 0 0 0
5667426843 0 0 0
5667426843 0 0 0
5667426856 0 0 0
5667426856 0 0 0
5667426856 0 0 0
5667426856 0 0 0
5667426856 0 0 0
5667426856 0 0 0
5667426856 0 0 0
5667426856 0 0 0
5667426856 0 0 0
5667426856 0 0 0
5667426856 0 0 0
5667426856 0 0 0
5667426856 0 0 0
5667426856 0 0 0
5667426856 0 0 0
5667426869 0 0 0
5667426869 0 0 0
5667426869 0 0 0
5667426869 0 0 0
5667426869 0 0 0
5667426869 0 0 0
5667426869 0 0 0
5667426869 0 0 0
5667426869 0 0 0
5667426869 0 0 0
5667426869 0 0 0
5667426869 0 0 0
5667426869 0 0 0
5667426869 0 0 0
5667426869 0 0 0
5667426882 0 0 0
5667426882 0 0 0
5667426882 0 0 0
5667426882 0 0 0
5667426882 0 0 0
5667426882 0 0 0
5667426882 0 0 0
5667426882 0 0 0
5667426882 0 0 0
5667426882 0 0 0
5667426882 0 0 0
5667426882 0 0 0
5667426882 0 0 0
5667426882 0 0 0
5667426882 0 0 0
5667426895 0 0 0
5667426895 0 0 0
5667426895 0 0 0
5667426895 0 0 0
5667426895 0 0 0
5667426895 0 0 0
5667426895 0 0 0
5667426895 0 0 0
5667426895 0 0 0
5667426895 0 0 0
5667426895 0 0 0
5667426895 0 0 0
5667426895 0 0 0
5667426895 0 0 0
5667426895 0 0 0
5667426908 0 0 0
5667426908 0 0 0
5667426908 0 0 0
5667426908 0 0 0
5667426908 0 0 0
5667426908 0 0 0
5667426908 0 0 0
5667426908 0 0 0
5667426908 0 0 0
5667426908 0 0 0
5667426908 0 0 0
5667426908 0 0 0
5667426908 0 0 0
5667426908 0 0 0
5667426908 0 0 0
5667426921 0 0 0
5667426921 0 0 0
5667426921 0 0 0
5667426921 0 0 0
5667426921 0 0 0
5667426921 0 0 0
5667426921 0 0 0
5667426921 0 0 0
5667426921 0 0 0
5667426921 0 0 0
5667426921 0 0 0
5667426921 0 0 0
5667426921 0 0 0
5667426921 0 0 0
5667426921 0 0 0
5667426934 0 0 0
5667426934 0 0 0
5667426934 0 0 0
5667426934 0 0 0
5667426934 0 0 0
5667426934 0 0 0
5667426934 0 0 0
5667426934 0 0 0
5667426934 0 0 0
5667426934 0 0 0
5667426934 0 0 0
5667426934 0 0 0
5667426934 0 0 0
5667426934 0 0 0
5667426934 0 0 0
5667426947 0 0 0
5667426947 0 0 0
5667426947 0 0 0
5667426947 0 0 0
5667426947 0 0 0
5667426947 0 0 0
5667426947 0 0 0
5667426947 0 0 0
5667426947 0 0 0
5667426947 0 0 0
5667426947 0 0 0
5667426947 0 0 0
5667426947 0 0 0
5667426947 0 0 0
5667426947 0 0 0
5667426960 0 0 0
5667426960 0 0 0
5667426960 0 0 0
5667426960 0 0 0
5667426960 0 0 0
5667426960 0 0 0
5667426960 0 0 0
5667426960 0 0 0
5667426960 0 0 0
5667426960 0 0 0
5667426960 0 0 0
5667426960 0 0 0
5667426960 0 0 0
5667426960 0 0 0
5667426960 0 0 0
5667426973 0 0 0
5667426973 0 0 0
5667426973 0 0 0
5667426973 0 0 0
5667426973 0 0 0
5667426973 0 0 0
5667426973 0 0 0
5667426973 0 0 0
5667426973 0 0 0
5667426973 0 0 0
5667426973 0 0 0
5667426973 0 0 0
5667426973 0 0 0
5667426973 0 0 0
5667426973 0 0 0
5667426986 0 0 0
5667426986 0 0 0
5667426986 0 0 0
5667426986 0 0 0
5667426986 0 0 0
5667426986 0 0 0
5667426986 0 0 0
5667426986 0 0 0
5667426986 0 0 0
5667426986 0 0 0
5667426986 0 0 0
5667426986 0 0 0
5667426986 0 0 0
5667426986 0 0 0
5667426986 0 0 0
5667426999 0 0 0
5667426999 0 0 0
5667426999 0 0 0
5667426999 0 0 0
5667426999 0 0 0
5667426999 0 0 0
5667426999 0 0 0
5667426999 0 0 0
5667426999 0 0 0
5667426999 0 0 0
5667426999 0 0 0
5667426999 0 0 0
5667426999 0 0 0
5667426999 0 0 0
5667426999 0 0 0
5667427012 0 0 0
5667427012 0 0 0
5667427012 0 0 0
5667427012 0 0 0
5667427012 0 0 0
5667427012 0 0 0
5667427012 0 0 0
5667427012 0 0 0
5667427012 0 0 0
5667427012 0 0 0
5667427012 0 0 0
5667427012 0 0 0
5667427012 0 0 0
5667427012 0 0 0
5667427012 0 0 0
5667427025 0 0 0
5667427025 0 0 0
5667427025 0 0 0
5667427025 0 0 0
5667427025 0 0 0
5667427025 0 0 0
5667427025 0 0 0
5667427025 0 0 0
5667427025 0 0 0
5667427025 0 0 0
5667427025 0 0 0
5667427025 0 0 0
5667427025 0 0 0
5667427025 0 0 0
5667427025 0 0 0
5667427038 0 0 0
5667427038 0 0 0
5667427038 0 0 0
5667427038 0 0 0
5667427038 0 0 0
5667427038 2807 0 2
5667427038 2807 0 2
5667427038 2807 0 2
5667427038 1604 0 1
5667427038 2807 0 1
5667427038 2807 0 1
5667427038 0 0 0
5667427038 0 0 0
5667427038 0 0 0
5667427038 2807 0 1
5667427051 2807 0 2
5667427051 2807 0 2
5667427051 2807 0 2
5667427051 2807 0 1
5667427051 2807 0 2
5667427051 0 0 0
5667427051 0 0 0
5667427051 0 0 0
5667427051 1203 0 0
5667427051 0 0 0
5667427051 0 0 0
5667427051 2807 0 2
5667427051 2807 0 1
5667427051 2807 0 1
5667427051 0 0 0
5667427064 0 0 0
5667427064 0 0 0
5667427064 0 0 0
5667427064 0 0 0
5667427064 0 0 0
5667427064 0 0 0
5667427064 0 0 0
5667427064 0 0 0
5667427064 0 0 0
5667427064 0 0 0
5667427064 0 0 0
5667427064 0 0 0
5667427064 0 0 0
5667427064 0 0 0
5667427064 0 0 0
5667427077 0 0 0
5667427077 0 0 0
5667427077 0 0 0
5667427077 0 0 0
5667427077 0 0 0
5667427077 0 0 0
5667427077 0 0 0
5667427077 0 0 0
5667427077 0 0 0
5667427077 0 0 0
5667427077 0 0 0
5667427077 0 0 0
5667427077 0 0 0
5667427077 0 0 0
5667427077 0 0 0
5667427090 0 0 0
5667427090 0 0 0
5667427090 0 0 0
5667427090 0 0 0
5667427090 0 0 0
5667427090 0 0 0
5667427090 0 0 0
5667427090 0 0 0
5667427090 0 0 0
5667427090 0 0 0
5667427090 0 0 0
5667427090 0 0 0
5667427090 0 0 0
5667427090 0 0 0
5667427090 0 0 0
5667427103 0 0 0
5667427103 0 0 0
5667427103 0 0 0
5667427103 0 0 0
5667427103 0 0 0
5667427103 0 0 0
5667427103 0 0 0
5667427103 0 0 0
5667427103 0 0 0
5667427103 0 0 0
5667427103 0 0 0
5667427103 0 0 0
5667427103 0 0 0
5667427103 0 0 0
5667427103 0 0 0
5667427116 0 0 0
5667427116 0 0 0
5667427116 0 0 0
5667427116 0 0 0
5667427116 0 0 0
5667427116 0 0 0
5667427116 0 0 0
5667427116 0 0 0
5667427116 0 0 0
5667427116 0 0 0
5667427116 0 0 0
5667427116 0 0 0
5667427116 0 0 0
5667427116 0 0 0
5667427116 0 0 0
5667427129 0 0 0
5667427129 0 0 0
5667427129 0 0 0
5667427129 0 0 0
5667427129 0 0 0
5667427129 0 0 0
5667427129 0 0 0
5667427129 0 0 0
5667427129 0 0 0
5667427129 0 0 0
5667427129 0 0 0
5667427129 0 0 0
5667427129 0 0 0
5667427129 0 0 0
5667427129 0 0 0
5667427142 0 0 0
5667427142 0 0 0
5667427142 0 0 0
5667427142 0 0 0
5667427142 0 0 0
5667427142 0 0 0
5667427142 0 0 0
5667427142 0 0 0
5667427142 0 0 0
5667427142 0 0 0
5667427142 0 0 0
5667427142 0 0 0
5667427142 0 0 0
5667427142 0 0 0
5667427142 0 0 0
5667427155 0 0 0
5667427155 0 0 0
5667427155 0 0 0
5667427155 0 0 0
5667427155 0 0 0
5667427155 0 0 0
5667427155 0 0 0
5667427155 0 0 0
5667427155 0 0 0
5667427155 0 0 0
5667427155 0 0 0
5667427155 0 0 0
5667427155 0 0 0
5667427155 0 0 0
5667427155 0 0 0
5667427168 0 0 0
5667427168 0 0 0
5667427168 0 0 0
5667427168 0 0 0
5667427168 0 0 0
5667427168 0 0 0
5667427168 0 0 0
5667427168 0 0 0
5667427168 0 0 0
5667427168 0 0 0
5667427168 0 0 0
5667427168 0 0 0
5667427168 0 0 0
5667427168 0 0 0
5667427168 0 0 0
5667427181 0 0 0
5667427181 0 0 0
5667427181 0 0 0
5667427181 0 0 0
5667427181 0 0 0
5667427181 0 0 0
5667427181 0 0 0
5667427181 0 0 0
5667427181 0 0 0
5667427181 0 0 0
5667427181 0 0 0
5667427181 0 0 0
5667427181 0 0 0
5667427181 0 0 0
5667427181 0 0 0
5667427194 0 0 0
5667427194 0 0 0
5667427194 0 0 0
5667427194 0 0 0
5667427194 0 0 0
5667427194 0 0 0
5667427194 0 0 0
5667427194 0 0 0
5667427194 0 0 0
5667427194 0 0 0
5667427194 0 0 0
5667427194 0 0 0
5667427194 0 0 0
5667427194 0 0 0
5667427194 0 0 0
5667427207 0 0 0
5667427207 0 0 0
5667427207 0 0 0
5667427207 0 0 0
5667427207 0 0 0
5667427207 0 0 0
5667427207 0 0 0
5667427207 0 0 0
5667427207 0 0 0
5667427207 0 0 0
5667427207 0 0 0
5667427207 0 0 0
5667427207 0 0 0
5667427207 0 0 0
5667427207 0 0 0
5667427220 0 0 0
5667427220 0 0 0
5667427220 0 0 0
5667427220 0 0 0
5667427220 0 0 0
5667427220 0 0 0
5667427220 0 0 0
5667427220 0 0 0
5667427220 0 0 0
5667427220 0 0 0
5667427220 0 0 0
5667427220 0 0 0
5667427220 0 0 0
5667427220 0 0 0
5667427220 0 0 0
5667427233 0 0 0
5667427233 0 0 0
5667427233 0 0 0
5667427233 0 0 0
5667427233 0 0 0
5667427233 0 0 0
5667427233 0 0 0
5667427233 0 0 0
5667427233 0 0 0
5667427233 0 0 0
5667427233 0 0 0
5667427233 0 0 0
5667427233 0 0 0
5667427233 0 0 0
5667427233 0 0 0
5667427246 0 0 0
5667427246 0 0 0
5667427246 0 0 0
5667427246 0 0 0
5667427246 0 0 0
5667427246 0 0 0
5667427246 0 0 0
5667427246 0 0 0
5667427246 0 0 0
5667427246 0 0 0
5667427246 0 0 0
5667427246 0 0 0
5667427246 0 0 0
5667427246 0 0 0
5667427246 0 0 0
5667427259 0 0 0
5667427259 0 0 0
5667427259 0 0 0
5667427259 0 0 0
5667427259 0 0 0
5667427259 0 0 0
5667427259 0 0 0
5667427259 0 0 0
5667427259 0 0 0
5667427259 0 0 0
5667427259 0 0 0
5667427259 0 0 0
5667427259 0 0 0
5667427259 0 0 0
5667427259 0 0 0
5667427272 0 0 0
5667427272 0 0 0
5667427272 0 0 0
5667427272 0 0 0
5667427272 0 0 0
5667427272 0 0 0
5667427272 0 0 0
5667427272 0 0 0
5667427272 0 0 0
5667427272 0 0 0
5667427272 0 0 0
5667427272 0 0 0
5667427272 0 0 0
5667427272 0 0 0
5667427272 0 0 0
5667427285 0 0 0
5667427285 0 0 0
5667427285 0 0 0
5667427285 0 0 0
5667427285 0 0 0
5667427285 2315 0 1
5667427285 2315 0 1
5667427285 0 0 0
5667427285 0 0 0
5667427285 2315 0 1
5667427285 0 0 0
5667427285 0 0 0
5667427285 0 0 0
5667427285 0 0 0
5667427285 0 0 0
5667427298 2315 0 1
5667427298 2315 0 2
5667427298 2315 0 2
5667427298 2315 0 2
5667427298 2315 0 2
5667427298 0 0 0
5667427298 0 0 0
5667427298 2315 0 1
5667427298 2315 0 1
5667427298 0 0 0
5667427298 2315 0 1
5667427298 2151 0 2
5667427298 2315 0 1
5667427298 2315 0 2
5667427298 2315 0 1
5667427311 0 0 0
5667427311 0 0 0
5667427311 0 0 0
5667427311 0 0 0
5667427311 0 0 0
5667427311 0 0 0
5667427311 0 0 0
5667427311 0 0 0
5667427311 0 0 0
5667427311 0 0 0
5667427311 0 0 0
5667427311 164 0 0
5667427311 0 0 0
5667427311 0 0 0
5667427311 0 0 0
5667427324 0 0 0
5667427324 0 0 0
5667427324 0 0 0
5667427324 0 0 0
5667427324 0 0 0
5667427324 0 0 0
5667427324 0 0 0
5667427324 0 0 0
5667427324 0 0 0
5667427324 0 0 0
5667427324 0 0 0
5667427324 0 0 0
5667427324 0 0 0
5667427324 0 0 0
5667427324 0 0 0
5667427337 0 0 0
5667427337 0 0 0
5667427337 0 0 0
5667427337 0 0 0
5667427337 0 0 0
5667427337 0 0 0
5667427337 0 0 0
5667427337 0 0 0
5667427337 0 0 0
5667427337 0 0 0
5667427337 0 0 0
5667427337 0 0 0
5667427337 0 0 0
5667427337 0 0 0
5667427337 0 0 0
5667427350 0 0 0
5667427350 0 0 0
5667427350 0 0 0
5667427350 0 0 0
5667427350 0 0 0
5667427350 0 0 0
5667427350 0 0 0
5667427350 0 0 0
5667427350 0 0 0
5667427350 0 0 0
5667427350 0 0 0
5667427350 0 0 0
5667427350 0 0 0
5667427350 0 0 0
5667427350 0 0 0
5667427363 0 0 0
5667427363 0 0 0
5667427363 0 0 0
5667427363 0 0 0
5667427363 0 0 0
5667427363 0 0 0
5667427363 0 0 0
5667427363 0 0 0
5667427363 0 0 0
5667427363 0 0 0
5667427363 0 0 0
5667427363 0 0 0
5667427363 0 0 0
5667427363 0 0 0
5667427363 0 0 0
5667427377 0 0 0
5667427377 0 0 0
5667427377 0 0 0
5667427377 0 0 0
5667427377 0 0 0
5667427377 0 0 0
5667427377 0 0 0
5667427377 0 0 0
5667427377 0 0 0
5667427377 0 0 0
5667427377 0 0 0
5667427377 0 0 0
5667427377 0 0 0
5667427377 0 0 0
5667427377 0 0 0
5667427390 0 0 0
5667427390 0 0 0
5667427390 0 0 0
5667427390 0 0 0
5667427390 0 0 0
5667427390 0 0 0
5667427390 0 0 0
5667427390 0 0 0
5667427390 0 0 0
5667427390 0 0 0
5667427390 0 0 0
5667427390 0 0 0
5667427390 0 0 0
5667427390 0 0 0
5667427390 0 0 0
5667427403 0 0 0
5667427403 0 0 0
5667427403 0 0 0
5667427403 0 0 0
5667427403 0 0 0
5667427403 0 0 0
5667427403 0 0 0
5667427403 0 0 0
5667427403 0 0 0
5667427403 0 0 0
5667427403 0 0 0
5667427403 0 0 0
5667427403 0 0 0
5667427403 0 0 0
5667427403 0 0 0
5667427416 0 0 0
5667427416 0 0 0
5667427416 0 0 0
5667427416 0 0 0
5667427416 0 0 0
5667427416 0 0 0
5667427416 0 0 0
5667427416 0 0 0
5667427416 0 0 0
5667427416 0 0 0
5667427416 0 0 0
5667427416 0 0 0
5667427416 0 0 0
5667427416 0 0 0
5667427416 0 0 0
5667427429 0 0 0
5667427429 0 0 0
5667427429 0 0 0
5667427429 0 0 0
5667427429 0 0 0
5667427429 0 0 0
5667427429 0 0 0
5667427429 0 0 0
5667427429 0 0 0
5667427429 0 0 0
5667427429 0 0 0
5667427429 0 0 0
5667427429 0 0 0
5667427429 0 0 0
5667427429 0 0 0
5667427442 0 0 0
5667427442 0 0 0
5667427442 0 0 0
5667427442 0 0 0
5667427442 0 0 0
5667427442 0 0 0
5667427442 0 0 0
5667427442 0 0 0
5667427442 0 0 0
5667427442 0 0 0
5667427442 0 0 0
5667427442 0 0 0
5667427442 0 0 0
5667427442 0 0 0
5667427442 0 0 0
5667427455 0 0 0
5667427455 0 0 0
5667427455 0 0 0
5667427455 0 0 0
5667427455 0 0 0
5667427455 0 0 0
5667427455 0 0 0
5667427455 0 0 0
5667427455 0 0 0
5667427455 0 0 0
5667427455 0 0 0
5667427455 0 0 0
5667427455 0 0 0
5667427455 0 0 0
5667427455 0 0 0
5667427468 0 0 0
5667427468 0 0 0
5667427468 0 0 0
5667427468 0 0 0
5667427468 0 0 0
5667427468 0 0 0
5667427468 0 0 0
5667427468 0 0 0
5667427468 0 0 0
5667427468 0 0 0
5667427468 0 0 0
5667427468 0 0 0
5667427468 0 0 0
5667427468 0 0 0
5667427468 0 0 0
5667427481 0 0 0
5667427481 0 0 0
5667427481 0 0 0
5667427481 0 0 0
5667427481 0 0 0
5667427481 0 0 0
5667427481 0 0 0
5667427481 0 0 0
5667427481 0 0 0
5667427481 0 0 0
5667427481 0 0 0
5667427481 0 0 0
5667427481 0 0 0
5667427481 0 0 0
5667427481 0 0 0
5667427494 0 0 0
5667427494 0 0 0
5667427494 0 0 0
5667427494 0 0 0
5667427494 0 0 0
5667427494 0 0 0
5667427494 0 0 0
5667427494 0 0 0
5667427494 0 0 0
5667427494 0 0 0
5667427494 0 0 0
5667427494 0 0 0
5667427494 0 0 0
5667427494 0 0 0
5667427494 0 0 0
5667427507 0 0 0
5667427507 0 0 0
5667427507 0 0 0
5667427507 0 0 0
5667427507 0 0 0
5667427507 0 0 0
5667427507 0 0 0
5667427507 0 0 0
5667427507 0 0 0
5667427507 0 0 0
5667427507 0 0 0
5667427507 0 0 0
5667427507 0 0 0
5667427507 0 0 0
5667427507 0 0 0
5667427520 0 0 0
5667427520 0 0 0
5667427520 0 0 0
5667427520 0 0 0
5667427520 0 0 0
5667427520 0 0 0
5667427520 0 0 0
5667427520 0 0 0
5667427520 0 0 0
5667427520 0 0 0
5667427520 0 0 0
5667427520 0 0 0
5667427520 0 0 0
5667427520 0 0 0
5667427520 0 0 0
5667427533 0 0 0
5667427533 0 0 0
5667427533 0 0 0
5667427533 0 0 0
5667427533 0 0 0
5667427533 0 0 0
5667427533 0 0 0
5667427533 0 0 0
5667427533 0 0 0
5667427533 1874 0 1
5667427533 0 0 0
5667427533 0 0 0
5667427533 0 0 0
5667427533 0 0 0
5667427533 0 0 0
5667427546 1874 0 1
5667427546 1572 0 4
5667427546 1874 0 2
5667427546 0 0 0
5667427546 1874 0 1
5667427546 1874 0 1
5667427546 1874 0 1
5667427546 1874 0 1
5667427546 1874 0 2
5667427546 0 0 0
5667427546 1874 0 1
5667427546 0 0 0
5667427546 0 0 0
5667427546 1500 0 1
5667427546 1874 0 2
5667427559 0 0 0
5667427559 302 0 5
5667427559 0 0 0
5667427559 1874 0 1
5667427559 0 0 0
5667427559 0 0 0
5667427559 0 0 0
5667427559 0 0 0
5667427559 0 0 0
5667427559 0 0 0
5667427559 0 0 0
5667427559 1874 0 1
5667427559 1874 0 1
5667427559 374 0 0
5667427559 0 0 0
5667427572 0 0 0
5667427572 0 0 0
5667427572 0 0 0
5667427572 0 0 0
5667427572 0 0 0
5667427572 0 0 0
5667427572 0 0 0
5667427572 0 0 0
5667427572 0 0 0
5667427572 0 0 0
5667427572 0 0 0
5667427572 0 0 0
5667427572 0 0 0
5667427572 0 0 0
5667427572 0 0 0
5667427585 0 0 0
5667427585 0 0 0
5667427585 0 0 0
5667427585 0 0 0
5667427585 0 0 0
5667427585 0 0 0
5667427585 0 0 0
5667427585 0 0 0
5667427585 0 0 0
5667427585 0 0 0
5667427585 0 0 0
5667427585 0 0 0
5667427585 0 0 0
5667427585 0 0 0
5667427585 0 0 0
5667427598 0 0 0
5667427598 0 0 0
5667427598 0 0 0
5667427598 0 0 0
5667427598 0 0 0
5667427598 0 0 0
5667427598 0 0 0
5667427598 0 0 0
5667427598 0 0 0
5667427598 0 0 0
5667427598 0 0 0
5667427598 0 0 0
5667427598 0 0 0
5667427598 0 0 0
5667427598 0 0 0
5667427611 0 0 0
5667427611 0 0 0
5667427611 0 0 0
5667427611 0 0 0
5667427611 0 0 0
5667427611 0 0 0
5667427611 0 0 0
5667427611 0 0 0
5667427611 0 0 0
5667427611 0 0 0
5667427611 0 0 0
5667427611 0 0 0
5667427611 0 0 0
5667427611 0 0 0
5667427611 0 0 0
5667427624 0 0 0
5667427624 0 0 0
5667427624 0 0 0
5667427624 0 0 0
5667427624 0 0 0
5667427624 0 0 0
5667427624 0 0 0
5667427624 0 0 0
5667427624 0 0 0
5667427624 0 0 0
5667427624 0 0 0
5667427624 0 0 0
5667427624 0 0 0
5667427624 0 0 0
5667427624 0 0 0
5667427637 0 0 0
5667427637 0 0 0
5667427637 0 0 0
5667427637 0 0 0
5667427637 0 0 0
5667427637 0 0 0
5667427637 0 0 0
5667427637 0 0 0
5667427637 0 0 0
5667427637 0 0 0
5667427637 0 0 0
5667427637 0 0 0
5667427637 0 0 0
5667427637 0 0 0
5667427637 0 0 0
5667427651 0 0 0
5667427651 0 0 0
5667427651 0 0 0
5667427651 0 0 0
5667427651 0 0 0
5667427651 0 0 0
5667427651 0 0 0
5667427651 0 0 0
5667427651 0 0 0
5667427651 0 0 0
5667427651 0 0 0
5667427651 0 0 0
5667427651 0 0 0
5667427651 0 0 0
5667427651 0 0 0
5667427664 0 0 0
5667427664 0 0 0
5667427664 0 0 0
5667427664 0 0 0
5667427664 0 0 0
5667427664 0 0 0
5667427664 0 0 0
5667427664 0 0 0
5667427664 0 0 0
5667427664 0 0 0
5667427664 0 0 0
5667427664 0 0 0
5667427664 0 0 0
5667427664 0 0 0
5667427664 0 0 0
5667427677 0 0 0
5667427677 0 0 0
5667427677 0 0 0
5667427677 0 0 0
5667427677 0 0 0
5667427677 0 0 0
5667427677 0 0 0
5667427677 0 0 0
5667427677 0 0 0
5667427677 0 0 0
5667427677 0 0 0
5667427677 0 0 0
5667427677 0 0 0
5667427677 0 0 0
5667427677 0 0 0
5667427690 0 0 0
5667427690 0 0 0
5667427690 0 0 0
5667427690 0 0 0
5667427690 0 0 0
5667427690 0 0 0
5667427690 0 0 0
5667427690 0 0 0
5667427690 0 0 0
5667427690 0 0 0
5667427690 0 0 0
5667427690 0 0 0
5667427690 0 0 0
5667427690 0 0 0
5667427690 0 0 0
5667427703 0 0 0
5667427703 0 0 0
5667427703 0 0 0
5667427703 0 0 0
5667427703 0 0 0
5667427703 0 0 0
5667427703 0 0 0
5667427703 0 0 0
5667427703 0 0 0
5667427703 0 0 0
5667427703 0 0 0
5667427703 0 0 0
5667427703 0 0 0
5667427703 0 0 0
5667427703 0 0 0
5667427716 0 0 0
5667427716 0 0 0
5667427716 0 0 0
5667427716 0 0 0
5667427716 0 0 0
5667427716 0 0 0
5667427716 0 0 0
5667427716 0 0 0
5667427716 0 0 0
5667427716 0 0 0
5667427716 0 0 0
5667427716 0 0 0
5667427716 0 0 0
5667427716 0 0 0
5667427716 0 0 0
5667427729 0 0 0
5667427729 0 0 0
5667427729 0 0 0
5667427729 0 0 0
5667427729 0 0 0
5667427729 0 0 0
5667427729 0 0 0
5667427729 0 0 0
5667427729 0 0 0
5667427729 0 0 0
5667427729 0 0 0
5667427729 0 0 0
5667427729 0 0 0
5667427729 0 0 0
5667427729 0 0 0
5667427742 0 0 0
5667427742 0 0 0
5667427742 0 0 0
5667427742 0 0 0
5667427742 0 0 0
5667427742 0 0 0
5667427742 0 0 0
5667427742 0 0 0
5667427742 0 0 0
5667427742 0 0 0
5667427742 0 0 0
5667427742 0 0 0
5667427742 0 0 0
5667427742 0 0 0
5667427742 0 0 0
5667427755 0 0 0
5667427755 0 0 0
5667427755 0 0 0
5667427755 0 0 0
5667427755 0 0 0
5667427755 0 0 0
5667427755 0 0 0
5667427755 0 0 0
5667427755 0 0 0
5667427755 0 0 0
5667427755 0 0 0
5667427755 0 0 0
5667427755 0 0 0
5667427755 0 0 0
5667427755 0 0 0
5667427768 0 0 0
5667427768 0 0 0
5667427768 0 0 0
5667427768 0 0 0
5667427768 0 0 0
5667427768 0 0 0
5667427768 0 0 0
5667427768 0 0 0
5667427768 0 0 0
5667427768 0 0 0
5667427768 0 0 0
5667427768 0 0 0
5667427768 0 0 0
5667427768 0 0 0
5667427768 0 0 0
5667427781 0 0 0
5667427781 0 0 0
5667427781 0 0 0
5667427781 0 0 0
5667427781 0 0 0
5667427781 0 0 0
5667427781 0 0 0
5667427781 0 0 0
5667427781 0 0 0
5667427781 0 0 0
5667427781 0 0 0
5667427781 0 0 0
5667427781 0 0 0
5667427781 0 0 0
5667427781 0 0 0
5667427794 0 0 0
5667427794 0 0 0
5667427794 0 0 0
5667427794 0 0 0
5667427794 0 0 0
5667427794 1602 0 1
5667427794 1602 0 1
5667427794 1602 0 1
5667427794 1602 0 0
5667427794 1602 0 1
5667427794 1602 0 1
5667427794 0 0 0
5667427794 0 0 0
5667427794 0 0 0
5667427794 1602 0 1
5667427807 1602 0 1
5667427807 1602 0 2
5667427807 1602 0 1
5667427807 1602 0 1
5667427807 1602 0 1
5667427807 0 0 0
5667427807 0 0 0
5667427807 0 0 0
5667427807 0 0 0
5667427807 0 0 0
5667427807 0 0 0
5667427807 1602 0 1
5667427807 1602 0 1
5667427807 1602 0 1
5667427807 0 0 0
5667427820 0 0 0
5667427820 0 0 0
5667427820 0 0 0
5667427820 0 0 0
5667427820 0 0 0
5667427820 0 0 0
5667427820 0 0 0
5667427820 0 0 0
5667427820 0 0 0
5667427820 0 0 0
5667427820 0 0 0
5667427820 0 0 0
5667427820 0 0 0
5667427820 0 0 0
5667427820 0 0 0
5667427833 0 0 0
5667427833 0 0 0
5667427833 0 0 0
5667427833 0 0 0
5667427833 0 0 0
5667427833 0 0 0
5667427833 0 0 0
5667427833 0 0 0
5667427833 0 0 0
5667427833 0 0 0
5667427833 0 0 0
5667427833 0 0 0
5667427833 0 0 0
5667427833 0 0 0
5667427833 0 0 0
5667427846 0 0 0
5667427846 0 0 0
5667427846 0 0 0
5667427846 0 0 0
5667427846 0 0 0
5667427846 0 0 0
5667427846 0 0 0
5667427846 0 0 0
5667427846 0 0 0
5667427846 0 0 0
5667427846 0 0 0
5667427846 0 0 0
5667427846 0 0 0
5667427846 0 0 0
5667427846 0 0 0
5667427859 0 0 0
5667427859 0 0 0
5667427859 0 0 0
5667427859 0 0 0
5667427859 0 0 0
5667427859 0 0 0
5667427859 0 0 0
5667427859 0 0 0
5667427859 0 0 0
5667427859 0 0 0
5667427859 0 0 0
5667427859 0 0 0
5667427859 0 0 0
5667427859 0 0 0
5667427859 0 0 0
5667427872 0 0 0
5667427872 0 0 0
5667427872 0 0 0
5667427872 0 0 0
5667427872 0 0 0
5667427872 0 0 0
5667427872 0 0 0
5667427872 0 0 0
5667427872 0 0 0
5667427872 0 0 0
5667427872 0 0 0
5667427872 0 0 0
5667427872 0 0 0
5667427872 0 0 0
5667427872 0 0 0
5667427885 0 0 0
5667427885 0 0 0
5667427885 0 0 0
5667427885 0 0 0
5667427885 0 0 0
5667427885 0 0 0
5667427885 0 0 0
5667427885 0 0 0
5667427885 0 0 0
5667427885 0 0 0
5667427885 0 0 0
5667427885 0 0 0
5667427885 0 0 0
5667427885 0 0 0
5667427885 0 0 0
5667427898 0 0 0
5667427898 0 0 0
5667427898 0 0 0
5667427898 0 0 0
5667427898 0 0 0
5667427898 0 0 0
5667427898 0 0 0
5667427898 0 0 0
5667427898 0 0 0
5667427898 0 0 0
5667427898 0 0 0
5667427898 0 0 0
5667427898 0 0 0
5667427898 0 0 0
5667427898 0 0 0
5667427911 0 0 0
5667427911 0 0 0
5667427911 0 0 0
5667427911 0 0 0
5667427911 0 0 0
5667427911 0 0 0
5667427911 0 0 0
5667427911 0 0 0
5667427911 0 0 0
5667427911 0 0 0
5667427911 0 0 0
5667427911 0 0 0
5667427911 0 0 0
5667427911 0 0 0
5667427911 0 0 0
5667427924 0 0 0
5667427924 0 0 0
5667427924 0 0 0
5667427924 0 0 0
5667427924 0 0 0
5667427924 0 0 0
5667427924 0 0 0
5667427924 0 0 0
5667427924 0 0 0
5667427924 0 0 0
5667427924 0 0 0
5667427924 0 0 0
5667427924 0 0 0
5667427924 0 0 0
5667427924 0 0 0
5667427937 0 0 0
5667427937 0 0 0
5667427937 0 0 0
5667427937 0 0 0
5667427937 0 0 0
5667427937 0 0 0
5667427937 0 0 0
5667427937 0 0 0
5667427937 0 0 0
5667427937 0 0 0
5667427937 0 0 0
5667427937 0 0 0
5667427937 0 0 0
5667427937 0 0 0
5667427937 0 0 0
5667427951 0 0 0
5667427951 0 0 0
5667427951 0 0 0
5667427951 0 0 0
5667427951 0 0 0
5667427951 0 0 0
5667427951 0 0 0
5667427951 0 0 0
5667427951 0 0 0
5667427951 0 0 0
5667427951 0 0 0
5667427951 0 0 0
5667427951 0 0 0
5667427951 0 0 0
5667427951 0 0 0
5667427964 0 0 0
5667427964 0 0 0
5667427964 0 0 0
5667427964 0 0 0
5667427964 0 0 0
5667427964 0 0 0
5667427964 0 0 0
5667427964 0 0 0
5667427964 0 0 0
5667427964 0 0 0
5667427964 0 0 0
5667427964 0 0 0
5667427964 0 0 0
5667427964 0 0 0
5667427964 0 0 0
5667427977 0 0 0
5667427977 0 0 0
5667427977 0 0 0
5667427977 0 0 0
5667427977 0 0 0
5667427977 0 0 0
5667427977 0 0 0
5667427977 0 0 0
5667427977 0 0 0
5667427977 0 0 0
5667427977 0 0 0
5667427977 0 0 0
5667427977 0 0 0
5667427977 0 0 0
5667427977 0 0 0
5667427990 0 0 0
5667427990 0 0 0
5667427990 0 0 0
5667427990 0 0 0
5667427990 0 0 0
5667427990 0 0 0
5667427990 0 0 0
5667427990 0 0 0
5667427990 0 0 0
5667427990 0 0 0
5667427990 0 0 0
5667427990 0 0 0
5667427990 0 0 0
5667427990 0 0 0
5667427990 0 0 0
5667428003 0 0 0
5667428003 0 0 0
5667428003 0 0 0
5667428003 0 0 0
5667428003 0 0 0
5667428003 0 0 0
5667428003 0 0 0
5667428003 0 0 0
5667428003 0 0 0
5667428003 0 0 0
5667428003 0 0 0
5667428003 0 0 0
5667428003 0 0 0
5667428003 0 0 0
5667428003 0 0 0
5667428016 0 0 0
5667428016 0 0 0
5667428016 0 0 0
5667428016 0 0 0
5667428016 0 0 0
5667428016 0 0 0
5667428016 0 0 0
5667428016 0 0 0
5667428016 0 0 0
5667428016 0 0 0
5667428016 0 0 0
5667428016 0 0 0
5667428016 0 0 0
5667428016 0 0 0
5667428016 0 0 0
5667428029 0 0 0
5667428029 0 0 0
5667428029 0 0 0
5667428029 0 0 0
5667428029 0 0 0
5667428029 0 0 0
5667428029 0 0 0
5667428029 0 0 0
5667428029 0 0 0
5667428029 0 0 0
5667428029 0 0 0
5667428029 0 0 0
5667428029 0 0 0
5667428029 0 0 0
5667428029 0 0 0
5667428042 0 0 0
5667428042 0 0 0
5667428042 0 0 0
5667428042 0 0 0
5667428042 0 0 0
5667428042 1252 0 1
5667428042 1252 0 1
5667428042 1252 0 1
5667428042 79 0 1
5667428042 1252 0 1
5667428042 1252 0 1
5667428042 0 0 0
5667428042 0 0 0
5667428042 0 0 0
5667428042 1058 0 1
5667428055 1252 0 0
5667428055 1211 0 0
5667428055 1252 0 2
5667428055 1252 0 1
5667428055 1252 0 1
5667428055 0 0 0
5667428055 0 0 0
5667428055 0 0 0
5667428055 1173 0 0
5667428055 0 0 0
5667428055 0 0 0
5667428055 1252 0 0
5667428055 1252 0 1
5667428055 1252 0 1
5667428055 194 0 0
5667428068 0 0 0
5667428068 41 0 0
5667428068 0 0 0
5667428068 0 0 0
5667428068 0 0 0
5667428068 0 0 0
5667428068 0 0 0
5667428068 0 0 0
5667428068 0 0 0
5667428068 0 0 0
5667428068 0 0 0
5667428068 0 0 0
5667428068 0 0 0
5667428068 0 0 0
5667428068 0 0 0
5667428081 0 0 0
5667428081 0 0 0
5667428081 0 0 0
5667428081 0 0 0
5667428081 0 0 0
5667428081 0 0 0
5667428081 0 0 0
5667428081 0 0 0
5667428081 0 0 0
5667428081 0 0 0
5667428081 0 0 0
5667428081 0 0 0
5667428081 0 0 0
5667428081 0 0 0
5667428081 0 0 0
5667428094 0 0 0
5667428094 0 0 0
5667428094 0 0 0
5667428094 0 0 0
5667428094 0 0 0
5667428094 0 0 0
5667428094 0 0 0
5667428094 0 0 0
5667428094 0 0 0
5667428094 0 0 0
5667428094 0 0 0
5667428094 0 0 0
5667428094 0 0 0
5667428094 0 0 0
5667428094 0 0 0
5667428107 0 0 0
5667428107 0 0 0
5667428107 0 0 0
5667428107 0 0 0
5667428107 0 0 0
5667428107 0 0 0
5667428107 0 0 0
5667428107 0 0 0
5667428107 0 0 0
5667428107 0 0 0
5667428107 0 0 0
5667428107 0 0 0
5667428107 0 0 0
5667428107 0 0 0
5667428107 0 0 0
5667428120 0 0 0
5667428120 0 0 0
5667428120 0 0 0
5667428120 0 0 0
5667428120 0 0 0
5667428120 0 0 0
5667428120 0 0 0
5667428120 0 0 0
5667428120 0 0 0
5667428120 0 0 0
5667428120 0 0 0
5667428120 0 0 0
5667428120 0 0 0
5667428120 0 0 0
5667428120 0 0 0
5667428133 0 0 0
5667428133 0 0 0
5667428133 0 0 0
5667428133 0 0 0
5667428133 0 0 0
5667428133 0 0 0
5667428133 0 0 0
5667428133 0 0 0
5667428133 0 0 0
5667428133 0 0 0
5667428133 0 0 0
5667428133 0 0 0
5667428133 0 0 0
5667428133 0 0 0
5667428133 0 0 0
5667428146 0 0 0
5667428146 0 0 0
5667428146 0 0 0
5667428146 0 0 0
5667428146 0 0 0
5667428146 0 0 0
5667428146 0 0 0
5667428146 0 0 0
5667428146 0 0 0
5667428146 0 0 0
5667428146 0 0 0
5667428146 0 0 0
5667428146 0 0 0
5667428146 0 0 0
5667428146 0 0 0
5667428159 0 0 0
5667428159 0 0 0
5667428159 0 0 0
5667428159 0 0 0
5667428159 0 0 0
5667428159 0 0 0
5667428159 0 0 0
5667428159 0 0 0
5667428159 0 0 0
5667428159 0 0 0
5667428159 0 0 0
5667428159 0 0 0
5667428159 0 0 0
5667428159 0 0 0
5667428159 0 0 0
5667428172 0 0 0
5667428172 0 0 0
5667428172 0 0 0
5667428172 0 0 0
5667428172 0 0 0
5667428172 0 0 0
5667428172 0 0 0
5667428172 0 0 0
5667428172 0 0 0
5667428172 0 0 0
5667428172 0 0 0
5667428172 0 0 0
5667428172 0 0 0
5667428172 0 0 0
5667428172 0 0 0
5667428185 0 0 0
5667428185 0 0 0
5667428185 0 0 0
5667428185 0 0 0
5667428185 0 0 0
5667428185 0 0 0
5667428185 0 0 0
5667428185 0 0 0
5667428185 0 0 0
5667428185 0 0 0
5667428185 0 0 0
5667428185 0 0 0
5667428185 0 0 0
5667428185 0 0 0
5667428185 0 0 0
5667428198 0 0 0
5667428198 0 0 0
5667428198 0 0 0
5667428198 0 0 0
5667428198 0 0 0
5667428198 0 0 0
5667428198 0 0 0
5667428198 0 0 0
5667428198 0 0 0
5667428198 0 0 0
5667428198 0 0 0
5667428198 0 0 0
5667428198 0 0 0
5667428198 0 0 0
5667428198 0 0 0
5667428211 0 0 0
5667428211 0 0 0
5667428211 0 0 0
5667428211 0 0 0
5667428211 0 0 0
5667428211 0 0 0
5667428211 0 0 0
5667428211 0 0 0
5667428211 0 0 0
5667428211 0 0 0
5667428211 0 0 0
5667428211 0 0 0
5667428211 0 0 0
5667428211 0 0 0
5667428211 0 0 0
5667428224 0 0 0
5667428224 0 0 0
5667428224 0 0 0
5667428224 0 0 0
5667428224 0 0 0
5667428224 0 0 0
5667428224 0 0 0
5667428224 0 0 0
5667428224 0 0 0
5667428224 0 0 0
5667428224 0 0 0
5667428224 0 0 0
5667428224 0 0 0
5667428224 0 0 0
5667428224 0 0 0
5667428237 0 0 0
5667428237 0 0 0
5667428237 0 0 0
5667428237 0 0 0
5667428237 0 0 0
5667428237 0 0 0
5667428237 0 0 0
5667428237 0 0 0
5667428237 0 0 0
5667428237 0 0 0
5667428237 0 0 0
5667428237 0 0 0
5667428237 0 0 0
5667428237 0 0 0
5667428237 0 0 0
5667428250 0 0 0
5667428250 0 0 0
5667428250 0 0 0
5667428250 0 0 0
5667428250 0 0 0
5667428250 0 0 0
5667428250 0 0 0
5667428250 0 0 0
5667428250 0 0 0
5667428250 0 0 0
5667428250 0 0 0
5667428250 0 0 0
5667428250 0 0 0
5667428250 0 0 0
5667428250 0 0 0
5667428263 0 0 0
5667428263 0 0 0
5667428263 0 0 0
5667428263 0 0 0
5667428263 0 0 0
5667428263 0 0 0
5667428263 0 0 0
5667428263 0 0 0
5667428263 0 0 0
5667428263 0 0 0
5667428263 0 0 0
5667428263 0 0 0
5667428263 0 0 0
5667428263 0 0 0
5667428263 0 0 0
5667428276 0 0 0
5667428276 0 0 0
5667428276 0 0 0
5667428276 0 0 0
5667428276 0 0 0
5667428276 0 0 0
5667428276 0 0 0
5667428276 0 0 0
5667428276 0 0 0
5667428276 0 0 0
5667428276 0 0 0
5667428276 0 0 0
5667428276 0 0 0
5667428276 0 0 0
5667428276 0 0 0
5667428289 0 0 0
5667428289 0 0 0
5667428289 0 0 0
5667428289 0 0 0
5667428289 0 0 0
5667428289 982 0 1
5667428289 982 0 1
5667428289 0 0 0
5667428289 0 0 0
5667428289 982 0 1
5667428289 0 0 0
5667428289 0 0 0
5667428289 0 0 0
5667428289 0 0 0
5667428289 0 0 0
5667428302 982 0 1
5667428302 0 0 0
5667428302 982 0 1
5667428302 982 0 1
5667428302 982 0 1
5667428302 0 0 0
5667428302 0 0 0
5667428302 982 0 0
5667428302 982 0 1
5667428302 0 0 0
5667428302 982 0 1
5667428302 982 0 1
5667428302 982 0 1
5667428302 982 0 0
5667428302 982 0 1
5667428315 0 0 0
5667428315 982 0 0
5667428315 0 0 0
5667428315 0 0 0
5667428315 0 0 0
5667428315 0 0 0
5667428315 0 0 0
5667428315 0 0 0
5667428315 0 0 0
5667428315 0 0 0
5667428315 0 0 0
5667428315 0 0 0
5667428315 0 0 0
5667428315 0 0 0
5667428315 0 0 0
5667428328 0 0 0
5667428328 0 0 0
5667428328 0 0 0
5667428328 0 0 0
5667428328 0 0 0
5667428328 0 0 0
5667428328 0 0 0
5667428328 0 0 0
5667428328 0 0 0
5667428328 0 0 0
5667428328 0 0 0
5667428328 0 0 0
5667428328 0 0 0
5667428328 0 0 0
5667428328 0 0 0
5667428341 0 0 0
5667428341 0 0 0
5667428341 0 0 0
5667428341 0 0 0
5667428341 0 0 0
5667428341 0 0 0
5667428341 0 0 0
5667428341 0 0 0
5667428341 0 0 0
5667428341 0 0 0
5667428341 0 0 0
5667428341 0 0 0
5667428341 0 0 0
5667428341 0 0 0
5667428341 0 0 0
5667428354 0 0 0
5667428354 0 0 0
5667428354 0 0 0
5667428354 0 0 0
5667428354 0 0 0
5667428354 0 0 0
5667428354 0 0 0
5667428354 0 0 0
5667428354 0 0 0
5667428354 0 0 0
5667428354 0 0 0
5667428354 0 0 0
5667428354 0 0 0
5667428354 0 0 0
5667428354 0 0 0
5667428367 0 0 0
5667428367 0 0 0
5667428367 0 0 0
5667428367 0 0 0
5667428367 0 0 0
5667428367 0 0 0
5667428367 0 0 0
5667428367 0 0 0
5667428367 0 0 0
5667428367 0 0 0
5667428367 0 0 0
5667428367 0 0 0
5667428367 0 0 0
5667428367 0 0 0
5667428367 0 0 0
5667428380 0 0 0
5667428380 0 0 0
5667428380 0 0 0
5667428380 0 0 0
5667428380 0 0 0
5667428380 0 0 0
5667428380 0 0 0
5667428380 0 0 0
5667428380 0 0 0
5667428380 0 0 0
5667428380 0 0 0
5667428380 0 0 0
5667428380 0 0 0
5667428380 0 0 0
5667428380 0 0 0
5667428393 0 0 0
5667428393 0 0 0
5667428393 0 0 0
5667428393 0 0 0
5667428393 0 0 0
5667428393 0 0 0
5667428393 0 0 0
5667428393 0 0 0
5667428393 0 0 0
5667428393 0 0 0
5667428393 0 0 0
5667428393 0 0 0
5667428393 0 0 0
5667428393 0 0 0
5667428393 0 0 0
5667428406 0 0 0
5667428406 0 0 0
5667428406 0 0 0
5667428406 0 0 0
5667428406 0 0 0
5667428406 0 0 0
5667428406 0 0 0
5667428406 0 0 0
5667428406 0 0 0
5667428406 0 0 0
5667428406 0 0 0
5667428406 0 0 0
5667428406 0 0 0
5667428406 0 0 0
5667428406 0 0 0
5667428419 0 0 0
5667428419 0 0 0
5667428419 0 0 0
5667428419 0 0 0
5667428419 0 0 0
5667428419 0 0 0
5667428419 0 0 0
5667428419 0 0 0
5667428419 0 0 0
5667428419 0 0 0
5667428419 0 0 0
5667428419 0 0 0
5667428419 0 0 0
5667428419 0 0 0
5667428419 0 0 0
5667428432 0 0 0
5667428432 0 0 0
5667428432 0 0 0
5667428432 0 0 0
5667428432 0 0 0
5667428432 0 0 0
5667428432 0 0 0
5667428432 0 0 0
5667428432 0 0 0
5667428432 0 0 0
5667428432 0 0 0
5667428432 0 0 0
5667428432 0 0 0
5667428432 0 0 0
5667428432 0 0 0
5667428445 0 0 0
5667428445 0 0 0
5667428445 0 0 0
5667428445 0 0 0
5667428445 0 0 0
5667428445 0 0 0
5667428445 0 0 0
5667428445 0 0 0
5667428445 0 0 0
5667428445 0 0 0
5667428445 0 0 0
5667428445 0 0 0
5667428445 0 0 0
5667428445 0 0 0
5667428445 0 0 0
5667428458 0 0 0
5667428458 0 0 0
5667428458 0 0 0
5667428458 0 0 0
5667428458 0 0 0
5667428458 0 0 0
5667428458 0 0 0
5667428458 0 0 0
5667428458 0 0 0
5667428458 0 0 0
5667428458 0 0 0
5667428458 0 0 0
5667428458 0 0 0
5667428458 0 0 0
5667428458 0 0 0
5667428471 0 0 0
5667428471 0 0 0
5667428471 0 0 0
5667428471 0 0 0
5667428471 0 0 0
5667428471 0 0 0
5667428471 0 0 0
5667428471 0 0 0
5667428471 0 0 0
5667428471 0 0 0
5667428471 0 0 0
5667428471 0 0 0
5667428471 0 0 0
5667428471 0 0 0
5667428471 0 0 0
5667428484 0 0 0
5667428484 0 0 0
5667428484 0 0 0
5667428484 0 0 0
5667428484 0 0 0
5667428484 0 0 0
5667428484 0 0 0
5667428484 0 0 0
5667428484 0 0 0
5667428484 0 0 0
5667428484 0 0 0
5667428484 0 0 0
5667428484 0 0 0
5667428484 0 0 0
5667428484 0 0 0
5667428497 0 0 0
5667428497 0 0 0
5667428497 0 0 0
5667428497 0 0 0
5667428497 0 0 0
5667428497 0 0 0
5667428497 0 0 0
5667428497 0 0 0
5667428497 0 0 0
5667428497 0 0 0
5667428497 0 0 0
5667428497 0 0 0
5667428497 0 0 0
5667428497 0 0 0
5667428497 0 0 0
5667428510 0 0 0
5667428510 0 0 0
5667428510 0 0 0
5667428510 0 0 0
5667428510 0 0 0
5667428510 0 0 0
5667428510 0 0 0
5667428510 0 0 0
5667428510 0 0 0
5667428510 0 0 0
5667428510 0 0 0
5667428510 0 0 0
5667428510 0 0 0
5667428510 0 0 0
5667428510 0 0 0
5667428523 0 0 0
5667428523 0 0 0
5667428523 0 0 0
5667428523 0 0 0
5667428523 0 0 0
5667428523 0 0 0
5667428523 0 0 0
5667428523 0 0 0
5667428523 0 0 0
5667428523 0 0 0
5667428523 0 0 0
5667428523 0 0 0
5667428523 0 0 0
5667428523 0 0 0
5667428523 0 0 0
5667428536 0 0 0
5667428536 0 0 0
5667428536 0 0 0
5667428536 0 0 0
5667428536 0 0 0
5667428536 0 0 0
5667428536 0 0 0
5667428536 0 0 0
5667428536 0 0 0
5667428536 897 0 1
5667428536 0 0 0
5667428536 0 0 0
5667428536 0 0 0
5667428536 0 0 0
5667428536 0 0 0
5667428549 624 0 1
5667428549 0 0 0
5667428549 821 0 1
5667428549 0 0 0
5667428549 897 0 0
5667428549 897 0 1
5667428549 897 0 1
5667428549 897 0 1
5667428549 897 0 1
5667428549 0 0 0
5667428549 897 0 0
5667428549 0 0 0
5667428549 0 0 0
5667428549 96 0 1
5667428549 897 0 0
5667428562 273 0 0
5667428562 897 0 1
5667428562 76 0 0
5667428562 897 0 0
5667428562 0 0 0
5667428562 0 0 0
5667428562 0 0 0
5667428562 0 0 0
5667428562 0 0 0
5667428562 0 0 0
5667428562 0 0 0
5667428562 897 0 1
5667428562 897 0 1
5667428562 801 0 0
5667428562 0 0 0
5667428575 0 0 0
5667428575 0 0 0
5667428575 0 0 0
5667428575 0 0 0
5667428575 0 0 0
5667428575 0 0 0
5667428575 0 0 0
5667428575 0 0 0
5667428575 0 0 0
5667428575 0 0 0
5667428575 0 0 0
5667428575 0 0 0
5667428575 0 0 0
5667428575 0 0 0
5667428575 0 0 0
5667428588 0 0 0
5667428588 0 0 0
5667428588 0 0 0
5667428588 0 0 0
5667428588 0 0 0
5667428588 0 0 0
5667428588 0 0 0
5667428588 0 0 0
5667428588 0 0 0
5667428588 0 0 0
5667428588 0 0 0
5667428588 0 0 0
5667428588 0 0 0
5667428588 0 0 0
5667428588 0 0 0
5667428601 0 0 0
5667428601 0 0 0
5667428601 0 0 0
5667428601 0 0 0
5667428601 0 0 0
5667428601 0 0 0
5667428601 0 0 0
5667428601 0 0 0
5667428601 0 0 0
5667428601 0 0 0
5667428601 0 0 0
5667428601 0 0 0
5667428601 0 0 0
5667428601 0 0 0
5667428601 0 0 0
5667428614 0 0 0
5667428614 0 0 0
5667428614 0 0 0
5667428614 0 0 0
5667428614 0 0 0
5667428614 0 0 0
5667428614 0 0 0
5667428614 0 0 0
5667428614 0 0 0
5667428614 0 0 0
5667428614 0 0 0
5667428614 0 0 0
5667428614 0 0 0
5667428614 0 0 0
5667428614 0 0 0
5667428627 0 0 0
5667428627 0 0 0
5667428627 0 0 0
5667428627 0 0 0
5667428627 0 0 0
5667428627 0 0 0
5667428627 0 0 0
5667428627 0 0 0
5667428627 0 0 0
5667428627 0 0 0
5667428627 0 0 0
5667428627 0 0 0
5667428627 0 0 0
5667428627 0 0 0
5667428627 0 0 0
5667428640 0 0 0
5667428640 0 0 0
5667428640 0 0 0
5667428640 0 0 0
5667428640 0 0 0
5667428640 0 0 0
5667428640 0 0 0
5667428640 0 0 0
5667428640 0 0 0
5667428640 0 0 0
5667428640 0 0 0
5667428640 0 0 0
5667428640 0 0 0
5667428640 0 0 0
5667428640 0 0 0
5667428653 0 0 0
5667428653 0 0 0
5667428653 0 0 0
5667428653 0 0 0
5667428653 0 0 0
5667428653 0 0 0
5667428653 0 0 0
5667428653 0 0 0
5667428653 0 0 0
5667428653 0 0 0
5667428653 0 0 0
5667428653 0 0 0
5667428653 0 0 0
5667428653 0 0 0
5667428653 0 0 0
5667428666 0 0 0
5667428666 0 0 0
5667428666 0 0 0
5667428666 0 0 0
5667428666 0 0 0
5667428666 0 0 0
5667428666 0 0 0
5667428666 0 0 0
5667428666 0 0 0
5667428666 0 0 0
5667428666 0 0 0
5667428666 0 0 0
5667428666 0 0 0
5667428666 0 0 0
5667428666 0 0 0
5667428679 0 0 0
5667428679 0 0 0
5667428679 0 0 0
5667428679 0 0 0
5667428679 0 0 0
5667428679 0 0 0
5667428679 0 0 0
5667428679 0 0 0
5667428679 0 0 0
5667428679 0 0 0
5667428679 0 0 0
5667428679 0 0 0
5667428679 0 0 0
5667428679 0 0 0
5667428679 0 0 0
5667428692 0 0 0
5667428692 0 0 0
5667428692 0 0 0
5667428692 0 0 0
5667428692 0 0 0
5667428692 0 0 0
5667428692 0 0 0
5667428692 0 0 0
5667428692 0 0 0
5667428692 0 0 0
5667428692 0 0 0
5667428692 0 0 0
5667428692 0 0 0
5667428692 0 0 0
5667428692 0 0 0
5667428705 0 0 0
5667428705 0 0 0
5667428705 0 0 0
5667428705 0 0 0
5667428705 0 0 0
5667428705 0 0 0
5667428705 0 0 0
5667428705 0 0 0
5667428705 0 0 0
5667428705 0 0 0
5667428705 0 0 0
5667428705 0 0 0
5667428705 0 0 0
5667428705 0 0 0
5667428705 0 0 0
5667428718 0 0 0
5667428718 0 0 0
5667428718 0 0 0
5667428718 0 0 0
5667428718 0 0 0
5667428718 0 0 0
5667428718 0 0 0
5667428718 0 0 0
5667428718 0 0 0
5667428718 0 0 0
5667428718 0 0 0
5667428718 0 0 0
5667428718 0 0 0
5667428718 0 0 0
5667428718 0 0 0
5667428731 0 0 0
5667428731 0 0 0
5667428731 0 0 0
5667428731 0 0 0
5667428731 0 0 0
5667428731 0 0 0
5667428731 0 0 0
5667428731 0 0 0
5667428731 0 0 0
5667428731 0 0 0
5667428731 0 0 0
5667428731 0 0 0
5667428731 0 0 0
5667428731 0 0 0
5667428731 0 0 0
5667428744 0 0 0
5667428744 0 0 0
5667428744 0 0 0
5667428744 0 0 0
5667428744 0 0 0
5667428744 0 0 0
5667428744 0 0 0
5667428744 0 0 0
5667428744 0 0 0
5667428744 0 0 0
5667428744 0 0 0
5667428744 0 0 0
5667428744 0 0 0
5667428744 0 0 0
5667428744 0 0 0
5667428757 0 0 0
5667428757 0 0 0
5667428757 0 0 0
5667428757 0 0 0
5667428757 0 0 0
5667428757 0 0 0
5667428757 0 0 0
5667428757 0 0 0
5667428757 0 0 0
5667428757 0 0 0
5667428757 0 0 0
5667428757 0 0 0
5667428757 0 0 0
5667428757 0 0 0
5667428757 0 0 0
5667428770 0 0 0
5667428770 0 0 0
5667428770 0 0 0
5667428770 0 0 0
5667428770 0 0 0
5667428770 0 0 0
5667428770 0 0 0
5667428770 0 0 0
5667428770 0 0 0
5667428770 0 0 0
5667428770 0 0 0
5667428770 0 0 0
5667428770 0 0 0
5667428770 0 0 0
5667428770 0 0 0
5667428783 0 0 0
5667428783 0 0 0
5667428783 0 0 0
5667428783 0 0 0
5667428783 0 0 0
5667428783 0 0 0
5667428783 0 0 0
5667428783 0 0 0
5667428783 0 0 0
5667428783 0 0 0
5667428783 0 0 0
5667428783 0 0 0
5667428783 0 0 0
5667428783 0 0 0
5667428783 0 0 0
5667428796 0 0 0
5667428796 0 0 0
5667428796 0 0 0
5667428796 0 0 0
5667428796 0 0 0
5667428796 721 0 0
5667428796 721 0 0
5667428796 721 0 1
5667428796 721 0 0
5667428796 721 0 0
5667428796 721 0 1
5667428796 0 0 0
5667428796 0 0 0
5667428796 0 0 0
5667428796 721 0 1
5667428809 721 0 0
5667428809 721 0 0
5667428809 721 0 0
5667428809 721 0 1
5667428809 721 0 1
5667428809 0 0 0
5667428809 0 0 0
5667428809 0 0 0
5667428809 0 0 0
5667428809 0 0 0
5667428809 0 0 0
5667428809 721 0 0
5667428809 721 0 0
5667428809 721 0 1
5667428809 0 0 0
5667428822 0 0 0
5667428822 0 0 0
5667428822 0 0 0
5667428822 0 0 0
5667428822 0 0 0
5667428822 0 0 0
5667428822 0 0 0
5667428822 0 0 0
5667428822 0 0 0
5667428822 0 0 0
5667428822 0 0 0
5667428822 0 0 0
5667428822 0 0 0
5667428822 0 0 0
5667428822 0 0 0
5667428835 0 0 0
5667428835 0 0 0
5667428835 0 0 0
5667428835 0 0 0
5667428835 0 0 0
5667428835 0 0 0
5667428835 0 0 0
5667428835 0 0 0
5667428835 0 0 0
5667428835 0 0 0
5667428835 0 0 0
5667428835 0 0 0
5667428835 0 0 0
5667428835 0 0 0
5667428835 0 0 0
5667428848 0 0 0
5667428848 0 0 0
5667428848 0 0 0
5667428848 0 0 0
5667428848 0 0 0
5667428848 0 0 0
5667428848 0 0 0
5667428848 0 0 0
5667428848 0 0 0
5667428848 0 0 0
5667428848 0 0 0
5667428848 0 0 0
5667428848 0 0 0
5667428848 0 0 0
5667428848 0 0 0
5667428861 0 0 0
5667428861 0 0 0
5667428861 0 0 0
5667428861 0 0 0
5667428861 0 0 0
5667428861 0 0 0
5667428861 0 0 0
5667428861 0 0 0
5667428861 0 0 0
5667428861 0 0 0
5667428861 0 0 0
5667428861 0 0 0
5667428861 0 0 0
5667428861 0 0 0
5667428861 0 0 0
5667428874 0 0 0
5667428874 0 0 0
5667428874 0 0 0
5667428874 0 0 0
5667428874 0 0 0
5667428874 0 0 0
5667428874 0 0 0
5667428874 0 0 0
5667428874 0 0 0
5667428874 0 0 0
5667428874 0 0 0
5667428874 0 0 0
5667428874 0 0 0
5667428874 0 0 0
5667428874 0 0 0
5667428887 0 0 0
5667428887 0 0 0
5667428887 0 0 0
5667428887 0 0 0
5667428887 0 0 0
5667428887 0 0 0
5667428887 0 0 0
5667428887 0 0 0
5667428887 0 0 0
5667428887 0 0 0
5667428887 0 0 0
5667428887 0 0 0
5667428887 0 0 0
5667428887 0 0 0
5667428887 0 0 0
5667428900 0 0 0
5667428900 0 0 0
5667428900 0 0 0
5667428900 0 0 0
5667428900 0 0 0
5667428900 0 0 0
5667428900 0 0 0
5667428900 0 0 0
5667428900 0 0 0
5667428900 0 0 0
5667428900 0 0 0
5667428900 0 0 0
5667428900 0 0 0
5667428900 0 0 0
5667428900 0 0 0
5667428913 0 0 0
5667428913 0 0 0
5667428913 0 0 0
5667428913 0 0 0
5667428913 0 0 0
5667428913 0 0 0
5667428913 0 0 0
5667428913 0 0 0
5667428913 0 0 0
5667428913 0 0 0
5667428913 0 0 0
5667428913 0 0 0
5667428913 0 0 0
5667428913 0 0 0
5667428913 0 0 0
5667428926 0 0 0
5667428926 0 0 0
5667428926 0 0 0
5667428926 0 0 0
5667428926 0 0 0
5667428926 0 0 0
5667428926 0 0 0
5667428926 0 0 0
5667428926 0 0 0
5667428926 0 0 0
5667428926 0 0 0
5667428926 0 0 0
5667428926 0 0 0
5667428926 0 0 0
5667428926 0 0 0
5667428939 0 0 0
5667428939 0 0 0
5667428939 0 0 0
5667428939 0 0 0
5667428939 0 0 0
5667428939 0 0 0
5667428939 0 0 0
5667428939 0 0 0
5667428939 0 0 0
5667428939 0 0 0
5667428939 0 0 0
5667428939 0 0 0
5667428939 0 0 0
5667428939 0 0 0
5667428939 0 0 0
5667428952 0 0 0
5667428952 0 0 0
5667428952 0 0 0
5667428952 0 0 0
5667428952 0 0 0
5667428952 0 0 0
5667428952 0 0 0
5667428952 0 0 0
5667428952 0 0 0
5667428952 0 0 0
5667428952 0 0 0
5667428952 0 0 0
5667428952 0 0 0
5667428952 0 0 0
5667428952 0 0 0
5667428965 0 0 0
5667428965 0 0 0
5667428965 0 0 0
5667428965 0 0 0
5667428965 0 0 0
5667428965 0 0 0
5667428965 0 0 0
5667428965 0 0 0
5667428965 0 0 0
5667428965 0 0 0
5667428965 0 0 0
5667428965 0 0 0
5667428965 0 0 0
5667428965 0 0 0
5667428965 0 0 0
5667428978 0 0 0
5667428978 0 0 0
5667428978 0 0 0
5667428978 0 0 0
5667428978 0 0 0
5667428978 0 0 0
5667428978 0 0 0
5667428978 0 0 0
5667428978 0 0 0
5667428978 0 0 0
5667428978 0 0 0
5667428978 0 0 0
5667428978 0 0 0
5667428978 0 0 0
5667428978 0 0 0
5667428991 0 0 0
5667428991 0 0 0
5667428991 0 0 0
5667428991 0 0 0
5667428991 0 0 0
5667428991 0 0 0
5667428991 0 0 0
5667428991 0 0 0
5667428991 0 0 0
5667428991 0 0 0
5667428991 0 0 0
5667428991 0 0 0
5667428991 0 0 0
5667428991 0 0 0
5667428991 0 0 0
5667429004 0 0 0
5667429004 0 0 0
5667429004 0 0 0
5667429004 0 0 0
5667429004 0 0 0
5667429004 0 0 0
5667429004 0 0 0
5667429004 0 0 0
5667429004 0 0 0
5667429004 0 0 0
5667429004 0 0 0
5667429004 0 0 0
5667429004 0 0 0
5667429004 0 0 0
5667429004 0 0 0
5667429017 0 0 0
5667429017 0 0 0
5667429017 0 0 0
5667429017 0 0 0
5667429017 0 0 0
5667429017 0 0 0
5667429017 0 0 0
5667429017 0 0 0
5667429017 0 0 0
5667429017 0 0 0
5667429017 0 0 0
5667429017 0 0 0
5667429017 0 0 0
5667429017 0 0 0
5667429017 0 0 0
5667429030 0 0 0
5667429030 0 0 0
5667429030 0 0 0
5667429030 0 0 0
5667429030 0 0 0
5667429030 0 0 0
5667429030 0 0 0
5667429030 0 0 0
5667429030 0 0 0
5667429030 0 0 0
5667429030 0 0 0
5667429030 0 0 0
5667429030 0 0 0
5667429030 0 0 0
5667429030 0 0 0
5667429043 0 0 0
5667429043 0 0 0
5667429043 0 0 0
5667429043 0 0 0
5667429043 0 0 0
5667429043 621 0 1
5667429043 621 0 1
5667429043 621 0 0
5667429043 0 0 0
5667429043 621 0 1
5667429043 621 0 0
5667429043 0 0 0
5667429043 0 0 0
5667429043 0 0 0
5667429043 0 0 0
5667429056 621 0 1
5667429056 0 0 0
5667429056 621 0 1
5667429056 621 0 0
5667429056 621 0 0
5667429056 0 0 0
5667429056 0 0 0
5667429056 0 0 0
5667429056 621 0 1
5667429056 0 0 0
5667429056 0 0 0
5667429056 621 0 0
5667429056 621 0 1
5667429056 621 0 0
5667429056 621 0 0
5667429069 0 0 0
5667429069 621 0 2
5667429069 0 0 0
5667429069 0 0 0
5667429069 0 0 0
5667429069 0 0 0
5667429069 0 0 0
5667429069 0 0 0
5667429069 0 0 0
5667429069 0 0 0
5667429069 0 0 0
5667429069 0 0 0
5667429069 0 0 0
5667429069 0 0 0
5667429069 0 0 0
5667429082 0 0 0
5667429082 0 0 0
5667429082 0 0 0
5667429082 0 0 0
5667429082 0 0 0
5667429082 0 0 0
5667429082 0 0 0
5667429082 0 0 0
5667429082 0 0 0
5667429082 0 0 0
5667429082 0 0 0
5667429082 0 0 0
5667429082 0 0 0
5667429082 0 0 0
5667429082 0 0 0
5667429095 0 0 0
5667429095 0 0 0
5667429095 0 0 0
5667429095 0 0 0
5667429095 0 0 0
5667429095 0 0 0
5667429095 0 0 0
5667429095 0 0 0
5667429095 0 0 0
5667429095 0 0 0
5667429095 0 0 0
5667429095 0 0 0
5667429095 0 0 0
5667429095 0 0 0
5667429095 0 0 0
5667429108 0 0 0
5667429108 0 0 0
5667429108 0 0 0
5667429108 0 0 0
5667429108 0 0 0
5667429108 0 0 0
5667429108 0 0 0
5667429108 0 0 0
5667429108 0 0 0
5667429108 0 0 0
5667429108 0 0 0
5667429108 0 0 0
5667429108 0 0 0
5667429108 0 0 0
5667429108 0 0 0
5667429121 0 0 0
5667429121 0 0 0
5667429121 0 0 0
5667429121 0 0 0
5667429121 0 0 0
5667429121 0 0 0
5667429121 0 0 0
5667429121 0 0 0
5667429121 0 0 0
5667429121 0 0 0
5667429121 0 0 0
5667429121 0 0 0
5667429121 0 0 0
5667429121 0 0 0
5667429121 0 0 0
5667429134 0 0 0
5667429134 0 0 0
5667429134 0 0 0
5667429134 0 0 0
5667429134 0 0 0
5667429134 0 0 0
5667429134 0 0 0
5667429134 0 0 0
5667429134 0 0 0
5667429134 0 0 0
5667429134 0 0 0
5667429134 0 0 0
5667429134 0 0 0
5667429134 0 0 0
5667429134 0 0 0
5667429147 0 0 0
5667429147 0 0 0
5667429147 0 0 0
5667429147 0 0 0
5667429147 0 0 0
5667429147 0 0 0
5667429147 0 0 0
5667429147 0 0 0
5667429147 0 0 0
5667429147 0 0 0
5667429147 0 0 0
5667429147 0 0 0
5667429147 0 0 0
5667429147 0 0 0
5667429147 0 0 0
5667429160 0 0 0
5667429160 0 0 0
5667429160 0 0 0
5667429160 0 0 0
5667429160 0 0 0
5667429160 0 0 0
5667429160 0 0 0
5667429160 0 0 0
5667429160 0 0 0
5667429160 0 0 0
5667429160 0 0 0
5667429160 0 0 0
5667429160 0 0 0
5667429160 0 0 0
5667429160 0 0 0
5667429173 0 0 0
5667429173 0 0 0
5667429173 0 0 0
5667429173 0 0 0
5667429173 0 0 0
5667429173 0 0 0
5667429173 0 0 0
5667429173 0 0 0
5667429173 0 0 0
5667429173 0 0 0
5667429173 0 0 0
5667429173 0 0 0
5667429173 0 0 0
5667429173 0 0 0
5667429173 0 0 0
5667429186 0 0 0
5667429186 0 0 0
5667429186 0 0 0
5667429186 0 0 0
5667429186 0 0 0
5667429186 0 0 0
5667429186 0 0 0
5667429186 0 0 0
5667429186 0 0 0
5667429186 0 0 0
5667429186 0 0 0
5667429186 0 0 0
5667429186 0 0 0
5667429186 0 0 0
5667429186 0 0 0
5667429199 0 0 0
5667429199 0 0 0
5667429199 0 0 0
5667429199 0 0 0
5667429199 0 0 0
5667429199 0 0 0
5667429199 0 0 0
5667429199 0 0 0
5667429199 0 0 0
5667429199 0 0 0
5667429199 0 0 0
5667429199 0 0 0
5667429199 0 0 0
5667429199 0 0 0
5667429199 0 0 0
5667429212 0 0 0
5667429212 0 0 0
5667429212 0 0 0
5667429212 0 0 0
5667429212 0 0 0
5667429212 0 0 0
5667429212 0 0 0
5667429212 0 0 0
5667429212 0 0 0
5667429212 0 0 0
5667429212 0 0 0
5667429212 0 0 0
5667429212 0 0 0
5667429212 0 0 0
5667429212 0 0 0
5667429225 0 0 0
5667429225 0 0 0
5667429225 0 0 0
5667429225 0 0 0
5667429225 0 0 0
5667429225 0 0 0
5667429225 0 0 0
5667429225 0 0 0
5667429225 0 0 0
5667429225 0 0 0
5667429225 0 0 0
5667429225 0 0 0
5667429225 0 0 0
5667429225 0 0 0
5667429225 0 0 0
5667429238 0 0 0
5667429238 0 0 0
5667429238 0 0 0
5667429238 0 0 0
5667429238 0 0 0
5667429238 0 0 0
5667429238 0 0 0
5667429238 0 0 0
5667429238 0 0 0
5667429238 0 0 0
5667429238 0 0 0
5667429238 0 0 0
5667429238 0 0 0
5667429238 0 0 0
5667429238 0 0 0
5667429251 0 0 0
5667429251 0 0 0
5667429251 0 0 0
5667429251 0 0 0
5667429251 0 0 0
5667429251 0 0 0
5667429251 0 0 0
5667429251 0 0 0
5667429251 0 0 0
5667429251 0 0 0
5667429251 0 0 0
5667429251 0 0 0
5667429251 0 0 0
5667429251 0 0 0
5667429251 0 0 0
5667429264 0 0 0
5667429264 0 0 0
5667429264 0 0 0
5667429264 0 0 0
5667429264 0 0 0
5667429264 0 0 0
5667429264 0 0 0
5667429264 0 0 0
5667429264 0 0 0
5667429264 0 0 0
5667429264 0 0 0
5667429264 0 0 0
5667429264 0 0 0
5667429264 0 0 0
5667429264 0 0 0
5667429277 0 0 0
5667429277 0 0 0
5667429277 0 0 0
5667429277 0 0 0
5667429277 0 0 0
5667429277 0 0 0
5667429277 0 0 0
5667429277 0 0 0
5667429277 0 0 0
5667429277 0 0 0
5667429277 0 0 0
5667429277 0 0 0
5667429277 0 0 0
5667429277 0 0 0
5667429277 0 0 0
5667429290 0 0 0
5667429290 0 0 0
5667429290 0 0 0
5667429290 0 0 0
5667429290 0 0 0
5667429290 0 0 0
5667429290 433 0 1
5667429290 0 0 0
5667429290 0 0 0
5667429290 481 0 0
5667429290 0 0 0
5667429290 0 0 0
5667429290 0 0 0
5667429290 0 0 0
5667429290 0 0 0
5667429303 481 0 1
5667429303 0 0 0
5667429303 481 0 0
5667429303 120 0 1
5667429303 481 0 1
5667429303 481 0 0
5667429303 48 0 0
5667429303 481 0 1
5667429303 481 0 0
5667429303 0 0 0
5667429303 481 0 1
5667429303 0 0 0
5667429303 481 0 0
5667429303 481 0 1
5667429303 481 0 1
5667429316 0 0 0
5667429316 481 0 1
5667429316 0 0 0
5667429316 361 0 0
5667429316 0 0 0
5667429316 0 0 0
5667429316 0 0 0
5667429316 0 0 0
5667429316 0 0 0
5667429316 0 0 0
5667429316 0 0 0
5667429316 481 0 1
5667429316 0 0 0
5667429316 0 0 0
5667429316 0 0 0
5667429329 0 0 0
5667429329 0 0 0
5667429329 0 0 0
5667429329 0 0 0
5667429329 0 0 0
5667429329 0 0 0
5667429329 0 0 0
5667429329 0 0 0
5667429329 0 0 0
5667429329 0 0 0
5667429329 0 0 0
5667429329 0 0 0
5667429329 0 0 0
5667429329 0 0 0
5667429329 0 0 0
5667429342 0 0 0
5667429342 0 0 0
5667429342 0 0 0
5667429342 0 0 0
5667429342 0 0 0
5667429342 0 0 0
5667429342 0 0 0
5667429342 0 0 0
5667429342 0 0 0
5667429342 0 0 0
5667429342 0 0 0
5667429342 0 0 0
5667429342 0 0 0
5667429342 0 0 0
5667429342 0 0 0
5667429355 0 0 0
5667429355 0 0 0
5667429355 0 0 0
5667429355 0 0 0
5667429355 0 0 0
5667429355 0 0 0
5667429355 0 0 0
5667429355 0 0 0
5667429355 0 0 0
5667429355 0 0 0
5667429355 0 0 0
5667429355 0 0 0
5667429355 0 0 0
5667429355 0 0 0
5667429355 0 0 0
5667429368 0 0 0
5667429368 0 0 0
5667429368 0 0 0
5667429368 0 0 0
5667429368 0 0 0
5667429368 0 0 0
5667429368 0 0 0
5667429368 0 0 0
5667429368 0 0 0
5667429368 0 0 0
5667429368 0 0 0
5667429368 0 0 0
5667429368 0 0 0
5667429368 0 0 0
5667429368 0 0 0
5667429381 0 0 0
5667429381 0 0 0
5667429381 0 0 0
5667429381 0 0 0
5667429381 0 0 0
5667429381 0 0 0
5667429381 0 0 0
5667429381 0 0 0
5667429381 0 0 0
5667429381 0 0 0
5667429381 0 0 0
5667429381 0 0 0
5667429381 0 0 0
5667429381 0 0 0
5667429381 0 0 0
5667429394 0 0 0
5667429394 0 0 0
5667429394 0 0 0
5667429394 0 0 0
5667429394 0 0 0
5667429394 0 0 0
5667429394 0 0 0
5667429394 0 0 0
5667429394 0 0 0
5667429394 0 0 0
5667429394 0 0 0
5667429394 0 0 0
5667429394 0 0 0
5667429394 0 0 0
5667429394 0 0 0
5667429407 0 0 0
5667429407 0 0 0
5667429407 0 0 0
5667429407 0 0 0
5667429407 0 0 0
5667429407 0 0 0
5667429407 0 0 0
5667429407 0 0 0
5667429407 0 0 0
5667429407 0 0 0
5667429407 0 0 0
5667429407 0 0 0
5667429407 0 0 0
5667429407 0 0 0
5667429407 0 0 0
5667429420 0 0 0
5667429420 0 0 0
5667429420 0 0 0
5667429420 0 0 0
5667429420 0 0 0
5667429420 0 0 0
5667429420 0 0 0
5667429420 0 0 0
5667429420 0 0 0
5667429420 0 0 0
5667429420 0 0 0
5667429420 0 0 0
5667429420 0 0 0
5667429420 0 0 0
5667429420 0 0 0
5667429433 0 0 0
5667429433 0 0 0
5667429433 0 0 0
5667429433 0 0 0
5667429433 0 0 0
5667429433 0 0 0
5667429433 0 0 0
5667429433 0 0 0
5667429433 0 0 0
5667429433 0 0 0
5667429433 0 0 0
5667429433 0 0 0
5667429433 0 0 0
5667429433 0 0 0
5667429433 0 0 0
5667429446 0 0 0
5667429446 0 0 0
5667429446 0 0 0
5667429446 0 0 0
5667429446 0 0 0
5667429446 0 0 0
5667429446 0 0 0
5667429446 0 0 0
5667429446 0 0 0
5667429446 0 0 0
5667429446 0 0 0
5667429446 0 0 0
5667429446 0 0 0
5667429446 0 0 0
5667429446 0 0 0
5667429459 0 0 0
5667429459 0 0 0
5667429459 0 0 0
5667429459 0 0 0
5667429459 0 0 0
5667429459 0 0 0
5667429459 0 0 0
5667429459 0 0 0
5667429459 0 0 0
5667429459 0 0 0
5667429459 0 0 0
5667429459 0 0 0
5667429459 0 0 0
5667429459 0 0 0
5667429459 0 0 0
5667429472 0 0 0
5667429472 0 0 0
5667429472 0 0 0
5667429472 0 0 0
5667429472 0 0 0
5667429472 0 0 0
5667429472 0 0 0
5667429472 0 0 0
5667429472 0 0 0
5667429472 0 0 0
5667429472 0 0 0
5667429472 0 0 0
5667429472 0 0 0
5667429472 0 0 0
5667429472 0 0 0
5667429485 0 0 0
5667429485 0 0 0
5667429485 0 0 0
5667429485 0 0 0
5667429485 0 0 0
5667429485 0 0 0
5667429485 0 0 0
5667429485 0 0 0
5667429485 0 0 0
5667429485 0 0 0
5667429485 0 0 0
5667429485 0 0 0
5667429485 0 0 0
5667429485 0 0 0
5667429485 0 0 0
5667429498 0 0 0
5667429498 0 0 0
5667429498 0 0 0
5667429498 0 0 0
5667429498 0 0 0
5667429498 0 0 0
5667429498 0 0 0
5667429498 0 0 0
5667429498 0 0 0
5667429498 0 0 0
5667429498 0 0 0
5667429498 0 0 0
5667429498 0 0 0
5667429498 0 0 0
5667429498 0 0 0
5667429511 0 0 0
5667429511 0 0 0
5667429511 0 0 0
5667429511 0 0 0
5667429511 0 0 0
5667429511 0 0 0
5667429511 0 0 0
5667429511 0 0 0
5667429511 0 0 0
5667429511 0 0 0
5667429511 0 0 0
5667429511 0 0 0
5667429511 0 0 0
5667429511 0 0 0
5667429511 0 0 0
5667429524 0 0 0
5667429524 0 0 0
5667429524 0 0 0
5667429524 0 0 0
5667429524 0 0 0
5667429524 0 0 0
5667429524 0 0 0
5667429524 0 0 0
5667429524 0 0 0
5667429524 0 0 0
5667429524 0 0 0
5667429524 0 0 0
5667429524 0 0 0
5667429524 0 0 0
5667429524 0 0 0
5667429537 0 0 0
5667429537 0 0 0
5667429537 0 0 0
5667429537 0 0 0
5667429537 0 0 0
5667429537 0 0 0
5667429537 0 0 0
5667429537 0 0 0
5667429537 0 0 0
5667429537 1 0 0
5667429537 0 0 0
5667429537 0 0 0
5667429537 0 0 0
5667429537 0 0 0
5667429537 0 0 0
5667429550 0 0 0
5667429550 0 0 0
5667429550 0 0 0
5667429550 0 0 0
5667429550 398 0 0
5667429550 398 0 1
5667429550 398 0 0
5667429550 398 0 0
5667429550 398 0 1
5667429550 397 0 0
5667429550 398 0 0
5667429550 0 0 0
5667429550 0 0 0
5667429550 0 0 0
5667429550 398 0 0
5667429563 398 0 1
5667429563 398 0 0
5667429563 398 0 1
5667429563 398 0 0
5667429563 0 0 0
5667429563 0 0 0
5667429563 0 0 0
5667429563 0 0 0
5667429563 0 0 0
5667429563 0 0 0
5667429563 0 0 0
5667429563 398 0 0
5667429563 398 0 1
5667429563 398 0 1
5667429563 0 0 0
5667429576 0 0 0
5667429576 0 0 0
5667429576 0 0 0
5667429576 0 0 0
5667429576 0 0 0
5667429576 0 0 0
5667429576 0 0 0
5667429576 0 0 0
5667429576 0 0 0
5667429576 0 0 0
5667429576 0 0 0
5667429576 0 0 0
5667429576 0 0 0
5667429576 0 0 0
5667429576 0 0 0
5667429589 0 0 0
5667429589 0 0 0
5667429589 0 0 0
5667429589 0 0 0
5667429589 0 0 0
5667429589 0 0 0
5667429589 0 0 0
5667429589 0 0 0
5667429589 0 0 0
5667429589 0 0 0
5667429589 0 0 0
5667429589 0 0 0
5667429589 0 0 0
5667429589 0 0 0
5667429589 0 0 0
5667429602 0 0 0
5667429602 0 0 0
5667429602 0 0 0
5667429602 0 0 0
5667429602 0 0 0
5667429602 0 0 0
5667429602 0 0 0
5667429602 0 0 0
5667429602 0 0 0
5667429602 0 0 0
5667429602 0 0 0
5667429602 0 0 0
5667429602 0 0 0
5667429602 0 0 0
5667429602 0 0 0
5667429615 0 0 0
5667429615 0 0 0
5667429615 0 0 0
5667429615 0 0 0
5667429615 0 0 0
5667429615 0 0 0
5667429615 0 0 0
5667429615 0 0 0
5667429615 0 0 0
5667429615 0 0 0
5667429615 0 0 0
5667429615 0 0 0
5667429615 0 0 0
5667429615 0 0 0
5667429615 0 0 0
5667429628 0 0 0
5667429628 0 0 0
5667429628 0 0 0
5667429628 0 0 0
5667429628 0 0 0
5667429628 0 0 0
5667429628 0 0 0
5667429628 0 0 0
5667429628 0 0 0
5667429628 0 0 0
5667429628 0 0 0
5667429628 0 0 0
5667429628 0 0 0
5667429628 0 0 0
5667429628 0 0 0
5667429641 0 0 0
5667429641 0 0 0
5667429641 0 0 0
5667429641 0 0 0
5667429641 0 0 0
5667429641 0 0 0
5667429641 0 0 0
5667429641 0 0 0
5667429641 0 0 0
5667429641 0 0 0
5667429641 0 0 0
5667429641 0 0 0
5667429641 0 0 0
5667429641 0 0 0
5667429641 0 0 0
5667429654 0 0 0
5667429654 0 0 0
5667429654 0 0 0
5667429654 0 0 0
5667429654 0 0 0
5667429654 0 0 0
5667429654 0 0 0
5667429654 0 0 0
5667429654 0 0 0
5667429654 0 0 0
5667429654 0 0 0
5667429654 0 0 0
5667429654 0 0 0
5667429654 0 0 0
5667429654 0 0 0
5667429667 0 0 0
5667429667 0 0 0
5667429667 0 0 0
5667429667 0 0 0
5667429667 0 0 0
5667429667 0 0 0
5667429667 0 0 0
5667429667 0 0 0
5667429667 0 0 0
5667429667 0 0 0
5667429667 0 0 0
5667429667 0 0 0
5667429667 0 0 0
5667429667 0 0 0
5667429667 0 0 0
5667429680 0 0 0
5667429680 0 0 0
5667429680 0 0 0
5667429680 0 0 0
5667429680 0 0 0
5667429680 0 0 0
5667429680 0 0 0
5667429680 0 0 0
5667429680 0 0 0
5667429680 0 0 0
5667429680 0 0 0
5667429680 0 0 0
5667429680 0 0 0
5667429680 0 0 0
5667429680 0 0 0
5667429693 0 0 0
5667429693 0 0 0
5667429693 0 0 0
5667429693 0 0 0
5667429693 0 0 0
5667429693 0 0 0
5667429693 0 0 0
5667429693 0 0 0
5667429693 0 0 0
5667429693 0 0 0
5667429693 0 0 0
5667429693 0 0 0
5667429693 0 0 0
5667429693 0 0 0
5667429693 0 0 0
5667429706 0 0 0
5667429706 0 0 0
5667429706 0 0 0
5667429706 0 0 0
5667429706 0 0 0
5667429706 0 0 0
5667429706 0 0 0
5667429706 0 0 0
5667429706 0 0 0
5667429706 0 0 0
5667429706 0 0 0
5667429706 0 0 0
5667429706 0 0 0
5667429706 0 0 0
5667429706 0 0 0
5667429719 0 0 0
5667429719 0 0 0
5667429719 0 0 0
5667429719 0 0 0
5667429719 0 0 0
5667429719 0 0 0
5667429719 0 0 0
5667429719 0 0 0
5667429719 0 0 0
5667429719 0 0 0
5667429719 0 0 0
5667429719 0 0 0
5667429719 0 0 0
5667429719 0 0 0
5667429719 0 0 0
5667429732 0 0 0
5667429732 0 0 0
5667429732 0 0 0
5667429732 0 0 0
5667429732 0 0 0
5667429732 0 0 0
5667429732 0 0 0
5667429732 0 0 0
5667429732 0 0 0
5667429732 0 0 0
5667429732 0 0 0
5667429732 0 0 0
5667429732 0 0 0
5667429732 0 0 0
5667429732 0 0 0
5667429745 0 0 0
5667429745 0 0 0
5667429745 0 0 0
5667429745 0 0 0
5667429745 0 0 0
5667429745 0 0 0
5667429745 0 0 0
5667429745 0 0 0
5667429745 0 0 0
5667429745 0 0 0
5667429745 0 0 0
5667429745 0 0 0
5667429745 0 0 0
5667429745 0 0 0
5667429745 0 0 0
5667429758 0 0 0
5667429758 0 0 0
5667429758 0 0 0
5667429758 0 0 0
5667429758 0 0 0
5667429758 0 0 0
5667429758 0 0 0
5667429758 0 0 0
5667429758 0 0 0
5667429758 0 0 0
5667429758 0 0 0
5667429758 0 0 0
5667429758 0 0 0
5667429758 0 0 0
5667429758 0 0 0
5667429771 0 0 0
5667429771 0 0 0
5667429771 0 0 0
5667429771 0 0 0
5667429771 0 0 0
5667429771 0 0 0
5667429771 0 0 0
5667429771 0 0 0
5667429771 0 0 0
5667429771 0 0 0
5667429771 0 0 0
5667429771 0 0 0
5667429771 0 0 0
5667429771 0 0 0
5667429771 0 0 0
5667429784 0 0 0
5667429784 0 0 0
5667429784 0 0 0
5667429784 0 0 0
5667429784 0 0 0
5667429784 0 0 0
5667429784 0 0 0
5667429784 0 0 0
5667429784 0 0 0
5667429784 0 0 0
5667429784 0 0 0
5667429784 0 0 0
5667429784 0 0 0
5667429784 0 0 0
5667429784 0 0 0
5667429797 0 0 0
5667429797 0 0 0
5667429797 0 0 0
5667429797 0 0 0
5667429797 0 0 0
5667429797 347 0 0
5667429797 347 0 1
5667429797 347 0 0
5667429797 347 0 0
5667429797 347 0 0
5667429797 347 0 1
5667429797 0 0 0
5667429797 0 0 0
5667429797 0 0 0
5667429797 347 0 1
5667429810 347 0 0
5667429810 347 0 0
5667429810 347 0 0
5667429810 347 0 1
5667429810 347 0 1
5667429810 0 0 0
5667429810 0 0 0
5667429810 0 0 0
5667429810 0 0 0
5667429810 0 0 0
5667429810 0 0 0
5667429810 347 0 1
5667429810 347 0 0
5667429810 347 0 0
5667429810 0 0 0
5667429823 0 0 0
5667429823 0 0 0
5667429823 0 0 0
5667429823 0 0 0
5667429823 0 0 0
5667429823 0 0 0
5667429823 0 0 0
5667429823 0 0 0
5667429823 0 0 0
5667429823 0 0 0
5667429823 0 0 0
5667429823 0 0 0
5667429823 0 0 0
5667429823 0 0 0
5667429823 0 0 0
5667429836 0 0 0
5667429836 0 0 0
5667429836 0 0 0
5667429836 0 0 0
5667429836 0 0 0
5667429836 0 0 0
5667429836 0 0 0
5667429836 0 0 0
5667429836 0 0 0
5667429836 0 0 0
5667429836 0 0 0
5667429836 0 0 0
5667429836 0 0 0
5667429836 0 0 0
5667429836 0 0 0
5667429849 0 0 0
5667429849 0 0 0
5667429849 0 0 0
5667429849 0 0 0
5667429849 0 0 0
5667429849 0 0 0
5667429849 0 0 0
5667429849 0 0 0
5667429849 0 0 0
5667429849 0 0 0
5667429849 0 0 0
5667429849 0 0 0
5667429849 0 0 0
5667429849 0 0 0
5667429849 0 0 0
5667429862 0 0 0
5667429862 0 0 0
5667429862 0 0 0
5667429862 0 0 0
5667429862 0 0 0
5667429862 0 0 0
5667429862 0 0 0
5667429862 0 0 0
5667429862 0 0 0
5667429862 0 0 0
5667429862 0 0 0
5667429862 0 0 0
5667429862 0 0 0
5667429862 0 0 0
5667429862 0 0 0
5667429875 0 0 0
5667429875 0 0 0
5667429875 0 0 0
5667429875 0 0 0
5667429875 0 0 0
5667429875 0 0 0
5667429875 0 0 0
5667429875 0 0 0
5667429875 0 0 0
5667429875 0 0 0
5667429875 0 0 0
5667429875 0 0 0
5667429875 0 0 0
5667429875 0 0 0
5667429875 0 0 0
5667429888 0 0 0
5667429888 0 0 0
5667429888 0 0 0
5667429888 0 0 0
5667429888 0 0 0
5667429888 0 0 0
5667429888 0 0 0
5667429888 0 0 0
5667429888 0 0 0
5667429888 0 0 0
5667429888 0 0 0
5667429888 0 0 0
5667429888 0 0 0
5667429888 0 0 0
5667429888 0 0 0
5667429901 0 0 0
5667429901 0 0 0
5667429901 0 0 0
5667429901 0 0 0
5667429901 0 0 0
5667429901 0 0 0
5667429901 0 0 0
5667429901 0 0 0
5667429901 0 0 0
5667429901 0 0 0
5667429901 0 0 0
5667429901 0 0 0
5667429901 0 0 0
5667429901 0 0 0
5667429901 0 0 0
5667429914 0 0 0
5667429914 0 0 0
5667429914 0 0 0
5667429914 0 0 0
5667429914 0 0 0
5667429914 0 0 0
5667429914 0 0 0
5667429914 0 0 0
5667429914 0 0 0
5667429914 0 0 0
5667429914 0 0 0
5667429914 0 0 0
5667429914 0 0 0
5667429914 0 0 0
5667429914 0 0 0
5667429927 0 0 0
5667429927 0 0 0
5667429927 0 0 0
5667429927 0 0 0
5667429927 0 0 0
5667429927 0 0 0
5667429927 0 0 0
5667429927 0 0 0
5667429927 0 0 0
5667429927 0 0 0
5667429927 0 0 0
5667429927 0 0 0
5667429927 0 0 0
5667429927 0 0 0
5667429927 0 0 0
5667429940 0 0 0
5667429940 0 0 0
5667429940 0 0 0
5667429940 0 0 0
5667429940 0 0 0
5667429940 0 0 0
5667429940 0 0 0
5667429940 0 0 0
5667429940 0 0 0
5667429940 0 0 0
5667429940 0 0 0
5667429940 0 0 0
5667429940 0 0 0
5667429940 0 0 0
5667429940 0 0 0
5667429953 0 0 0
5667429953 0 0 0
5667429953 0 0 0
5667429953 0 0 0
5667429953 0 0 0
5667429953 0 0 0
5667429953 0 0 0
5667429953 0 0 0
5667429953 0 0 0
5667429953 0 0 0
5667429953 0 0 0
5667429953 0 0 0
5667429953 0 0 0
5667429953 0 0 0
5667429953 0 0 0
5667429966 0 0 0
5667429966 0 0 0
5667429966 0 0 0
5667429966 0 0 0
5667429966 0 0 0
5667429966 0 0 0
5667429966 0 0 0
5667429966 0 0 0
5667429966 0 0 0
5667429966 0 0 0
5667429966 0 0 0
5667429966 0 0 0
5667429966 0 0 0
5667429966 0 0 0
5667429966 0 0 0
5667429979 0 0 0
5667429979 0 0 0
5667429979 0 0 0
5667429979 0 0 0
5667429979 0 0 0
5667429979 0 0 0
5667429979 0 0 0
5667429979 0 0 0
5667429979 0 0 0
5667429979 0 0 0
5667429979 0 0 0
5667429979 0 0 0
5667429979 0 0 0
5667429979 0 0 0
5667429979 0 0 0
5667429992 0 0 0
5667429992 0 0 0
5667429992 0 0 0
5667429992 0 0 0
5667429992 0 0 0
5667429992 0 0 0
5667429992 0 0 0
5667429992 0 0 0
5667429992 0 0 0
5667429992 0 0 0
5667429992 0 0 0
5667429992 0 0 0
5667429992 0 0 0
5667429992 0 0 0
5667429992 0 0 0
5667430005 0 0 0
5667430005 0 0 0
5667430005 0 0 0
5667430005 0 0 0
5667430005 0 0 0
5667430005 0 0 0
5667430005 0 0 0
5667430005 0 0 0
5667430005 0 0 0
5667430005 0 0 0
5667430005 0 0 0
5667430005 0 0 0
5667430005 0 0 0
5667430005 0 0 0
5667430005 0 0 0
5667430018 0 0 0
5667430018 0 0 0
5667430018 0 0 0
5667430018 0 0 0
5667430018 0 0 0
5667430018 0 0 0
5667430018 0 0 0
5667430018 0 0 0
5667430018 0 0 0
5667430018 0 0 0
5667430018 0 0 0
5667430018 0 0 0
5667430018 0 0 0
5667430018 0 0 0
5667430018 0 0 0
5667430031 0 0 0
5667430031 0 0 0
5667430031 0 0 0
5667430031 0 0 0
5667430031 0 0 0
5667430031 0 0 0
5667430031 0 0 0
5667430031 0 0 0
5667430031 0 0 0
5667430031 0 0 0
5667430031 0 0 0
5667430031 0 0 0
5667430031 0 0 0
5667430031 0 0 0
5667430031 0 0 0
5667430044 0 0 0
5667430044 0 0 0
5667430044 0 0 0
5667430044 0 0 0
5667430044 0 0 0
5667430044 249 0 1
5667430044 249 0 0
5667430044 0 0 0
5667430044 0 0 0
5667430044 249 0 1
5667430044 195 0 1
5667430044 0 0 0
5667430044 0 0 0
5667430044 0 0 0
5667430044 0 0 0
5667430058 249 0 1
5667430058 0 0 0
5667430058 249 0 1
5667430058 249 0 1
5667430058 249 0 1
5667430058 0 0 0
5667430058 0 0 0
5667430058 249 0 1
5667430058 249 0 1
5667430058 0 0 0
5667430058 54 0 0
5667430058 249 0 1
5667430058 249 0 1
5667430058 249 0 1
5667430058 249 0 1
5667430071 0 0 0
5667430071 249 0 1
5667430071 0 0 0
5667430071 0 0 0
5667430071 0 0 0
5667430071 0 0 0
5667430071 0 0 0
5667430071 0 0 0
5667430071 0 0 0
5667430071 0 0 0
5667430071 0 0 0
5667430071 0 0 0
5667430071 0 0 0
5667430071 0 0 0
5667430071 0 0 0
5667430084 0 0 0
5667430084 0 0 0
5667430084 0 0 0
5667430084 0 0 0
5667430084 0 0 0
5667430084 0 0 0
5667430084 0 0 0
5667430084 0 0 0
5667430084 0 0 0
5667430084 0 0 0
5667430084 0 0 0
5667430084 0 0 0
5667430084 0 0 0
5667430084 0 0 0
5667430084 0 0 0
5667430097 0 0 0
5667430097 0 0 0
5667430097 0 0 0
5667430097 0 0 0
5667430097 0 0 0
5667430097 0 0 0
5667430097 0 0 0
5667430097 0 0 0
5667430097 0 0 0
5667430097 0 0 0
5667430097 0 0 0
5667430097 0 0 0
5667430097 0 0 0
5667430097 0 0 0
5667430097 0 0 0
5667430110 0 0 0
5667430110 0 0 0
5667430110 0 0 0
5667430110 0 0 0
5667430110 0 0 0
5667430110 0 0 0
5667430110 0 0 0
5667430110 0 0 0
5667430110 0 0 0
5667430110 0 0 0
5667430110 0 0 0
5667430110 0 0 0
5667430110 0 0 0
5667430110 0 0 0
5667430110 0 0 0
5667430123 0 0 0
5667430123 0 0 0
5667430123 0 0 0
5667430123 0 0 0
5667430123 0 0 0
5667430123 0 0 0
5667430123 0 0 0
5667430123 0 0 0
5667430123 0 0 0
5667430123 0 0 0
5667430123 0 0 0
5667430123 0 0 0
5667430123 0 0 0
5667430123 0 0 0
5667430123 0 0 0
5667430136 0 0 0
5667430136 0 0 0
5667430136 0 0 0
5667430136 0 0 0
5667430136 0 0 0
5667430136 0 0 0
5667430136 0 0 0
5667430136 0 0 0
5667430136 0 0 0
5667430136 0 0 0
5667430136 0 0 0
5667430136 0 0 0
5667430136 0 0 0
5667430136 0 0 0
5667430136 0 0 0
5667430149 0 0 0
5667430149 0 0 0
5667430149 0 0 0
5667430149 0 0 0
5667430149 0 0 0
5667430149 0 0 0
5667430149 0 0 0
5667430149 0 0 0
5667430149 0 0 0
5667430149 0 0 0
5667430149 0 0 0
5667430149 0 0 0
5667430149 0 0 0
5667430149 0 0 0
5667430149 0 0 0
5667430162 0 0 0
5667430162 0 0 0
5667430162 0 0 0
5667430162 0 0 0
5667430162 0 0 0
5667430162 0 0 0
5667430162 0 0 0
5667430162 0 0 0
5667430162 0 0 0
5667430162 0 0 0
5667430162 0 0 0
5667430162 0 0 0
5667430162 0 0 0
5667430162 0 0 0
5667430162 0 0 0
5667430175 0 0 0
5667430175 0 0 0
5667430175 0 0 0
5667430175 0 0 0
5667430175 0 0 0
5667430175 0 0 0
5667430175 0 0 0
5667430175 0 0 0
5667430175 0 0 0
5667430175 0 0 0
5667430175 0 0 0
5667430175 0 0 0
5667430175 0 0 0
5667430175 0 0 0
5667430175 0 0 0
5667430188 0 0 0
5667430188 0 0 0
5667430188 0 0 0
5667430188 0 0 0
5667430188 0 0 0
5667430188 0 0 0
5667430188 0 0 0
5667430188 0 0 0
5667430188 0 0 0
5667430188 0 0 0
5667430188 0 0 0
5667430188 0 0 0
5667430188 0 0 0
5667430188 0 0 0
5667430188 0 0 0
5667430201 0 0 0
5667430201 0 0 0
5667430201 0 0 0
5667430201 0 0 0
5667430201 0 0 0
5667430201 0 0 0
5667430201 0 0 0
5667430201 0 0 0
5667430201 0 0 0
5667430201 0 0 0
5667430201 0 0 0
5667430201 0 0 0
5667430201 0 0 0
5667430201 0 0 0
5667430201 0 0 0
5667430214 0 0 0
5667430214 0 0 0
5667430214 0 0 0
5667430214 0 0 0
5667430214 0 0 0
5667430214 0 0 0
5667430214 0 0 0
5667430214 0 0 0
5667430214 0 0 0
5667430214 0 0 0
5667430214 0 0 0
5667430214 0 0 0
5667430214 0 0 0
5667430214 0 0 0
5667430214 0 0 0
5667430227 0 0 0
5667430227 0 0 0
5667430227 0 0 0
5667430227 0 0 0
5667430227 0 0 0
5667430227 0 0 0
5667430227 0 0 0
5667430227 0 0 0
5667430227 0 0 0
5667430227 0 0 0
5667430227 0 0 0
5667430227 0 0 0
5667430227 0 0 0
5667430227 0 0 0
5667430227 0 0 0
5667430240 0 0 0
5667430240 0 0 0
5667430240 0 0 0
5667430240 0 0 0
5667430240 0 0 0
5667430240 0 0 0
5667430240 0 0 0
5667430240 0 0 0
5667430240 0 0 0
5667430240 0 0 0
5667430240 0 0 0
5667430240 0 0 0
5667430240 0 0 0
5667430240 0 0 0
5667430240 0 0 0
5667430253 0 0 0
5667430253 0 0 0
5667430253 0 0 0
5667430253 0 0 0
5667430253 0 0 0
5667430253 0 0 0
5667430253 0 0 0
5667430253 0 0 0
5667430253 0 0 0
5667430253 0 0 0
5667430253 0 0 0
5667430253 0 0 0
5667430253 0 0 0
5667430253 0 0 0
5667430253 0 0 0
5667430266 0 0 0
5667430266 0 0 0
5667430266 0 0 0
5667430266 0 0 0
5667430266 0 0 0
5667430266 0 0 0
5667430266 0 0 0
5667430266 0 0 0
5667430266 0 0 0
5667430266 0 0 0
5667430266 0 0 0
5667430266 0 0 0
5667430266 0 0 0
5667430266 0 0 0
5667430266 0 0 0
5667430279 0 0 0
5667430279 0 0 0
5667430279 0 0 0
5667430279 0 0 0
5667430279 0 0 0
5667430279 0 0 0
5667430279 0 0 0
5667430279 0 0 0
5667430279 0 0 0
5667430279 0 0 0
5667430279 0 0 0
5667430279 0 0 0
5667430279 0 0 0
5667430279 0 0 0
5667430279 0 0 0
5667430292 0 0 0
5667430292 0 0 0
5667430292 0 0 0
5667430292 0 0 0
5667430292 0 0 0
5667430292 0 0 0
5667430292 58 0 1
5667430292 0 0 0
5667430292 0 0 0
5667430292 237 0 1
5667430292 0 0 0
5667430292 0 0 0
5667430292 0 0 0
5667430292 0 0 0
5667430292 0 0 0
5667430306 237 0 0
5667430306 0 0 0
5667430306 237 0 1
5667430306 237 0 0
5667430306 237 0 0
5667430306 237 0 1
5667430306 179 0 0
5667430306 237 0 1
5667430306 237 0 1
5667430306 0 0 0
5667430306 237 0 0
5667430306 0 0 0
5667430306 237 0 1
5667430306 237 0 0
5667430306 237 0 0
5667430319 0 0 0
5667430319 237 0 1
5667430319 0 0 0
5667430319 0 0 0
5667430319 0 0 0
5667430319 0 0 0
5667430319 0 0 0
5667430319 0 0 0
5667430319 0 0 0
5667430319 0 0 0
5667430319 0 0 0
5667430319 237 0 0
5667430319 0 0 0
5667430319 0 0 0
5667430319 0 0 0
5667430332 0 0 0
5667430332 0 0 0
5667430332 0 0 0
5667430332 0 0 0
5667430332 0 0 0
5667430332 0 0 0
5667430332 0 0 0
5667430332 0 0 0
5667430332 0 0 0
5667430332 0 0 0
5667430332 0 0 0
5667430332 0 0 0
5667430332 0 0 0
5667430332 0 0 0
5667430332 0 0 0
5667430345 0 0 0
5667430345 0 0 0
5667430345 0 0 0
5667430345 0 0 0
5667430345 0 0 0
5667430345 0 0 0
5667430345 0 0 0
5667430345 0 0 0
5667430345 0 0 0
5667430345 0 0 0
5667430345 0 0 0
5667430345 0 0 0
5667430345 0 0 0
5667430345 0 0 0
5667430345 0 0 0
5667430358 0 0 0
5667430358 0 0 0
5667430358 0 0 0
5667430358 0 0 0
5667430358 0 0 0
5667430358 0 0 0
5667430358 0 0 0
5667430358 0 0 0
5667430358 0 0 0
5667430358 0 0 0
5667430358 0 0 0
5667430358 0 0 0
5667430358 0 0 0
5667430358 0 0 0
5667430358 0 0 0
5667430371 0 0 0
5667430371 0 0 0
5667430371 0 0 0
5667430371 0 0 0
5667430371 0 0 0
5667430371 0 0 0
5667430371 0 0 0
5667430371 0 0 0
5667430371 0 0 0
5667430371 0 0 0
5667430371 0 0 0
5667430371 0 0 0
5667430371 0 0 0
5667430371 0 0 0
5667430371 0 0 0
5667430384 0 0 0
5667430384 0 0 0
5667430384 0 0 0
5667430384 0 0 0
5667430384 0 0 0
5667430384 0 0 0
5667430384 0 0 0
5667430384 0 0 0
5667430384 0 0 0
5667430384 0 0 0
5667430384 0 0 0
5667430384 0 0 0
5667430384 0 0 0
5667430384 0 0 0
5667430384 0 0 0
5667430397 0 0 0
5667430397 0 0 0
5667430397 0 0 0
5667430397 0 0 0
5667430397 0 0 0
5667430397 0 0 0
5667430397 0 0 0
5667430397 0 0 0
5667430397 0 0 0
5667430397 0 0 0
5667430397 0 0 0
5667430397 0 0 0
5667430397 0 0 0
5667430397 0 0 0
5667430397 0 0 0
5667430410 0 0 0
5667430410 0 0 0
5667430410 0 0 0
5667430410 0 0 0
5667430410 0 0 0
5667430410 0 0 0
5667430410 0 0 0
5667430410 0 0 0
5667430410 0 0 0
5667430410 0 0 0
5667430410 0 0 0
5667430410 0 0 0
5667430410 0 0 0
5667430410 0 0 0
5667430410 0 0 0
5667430423 0 0 0
5667430423 0 0 0
5667430423 0 0 0
5667430423 0 0 0
5667430423 0 0 0
5667430423 0 0 0
5667430423 0 0 0
5667430423 0 0 0
5667430423 0 0 0
5667430423 0 0 0
5667430423 0 0 0
5667430423 0 0 0
5667430423 0 0 0
5667430423 0 0 0
5667430423 0 0 0
5667430436 0 0 0
5667430436 0 0 0
5667430436 0 0 0
5667430436 0 0 0
5667430436 0 0 0
5667430436 0 0 0
5667430436 0 0 0
5667430436 0 0 0
5667430436 0 0 0
5667430436 0 0 0
5667430436 0 0 0
5667430436 0 0 0
5667430436 0 0 0
5667430436 0 0 0
5667430436 0 0 0
5667430449 0 0 0
5667430449 0 0 0
5667430449 0 0 0
5667430449 0 0 0
5667430449 0 0 0
5667430449 0 0 0
5667430449 0 0 0
5667430449 0 0 0
5667430449 0 0 0
5667430449 0 0 0
5667430449 0 0 0
5667430449 0 0 0
5667430449 0 0 0
5667430449 0 0 0
5667430449 0 0 0
5667430462 0 0 0
5667430462 0 0 0
5667430462 0 0 0
5667430462 0 0 0
5667430462 0 0 0
5667430462 0 0 0
5667430462 0 0 0
5667430462 0 0 0
5667430462 0 0 0
5667430462 0 0 0
5667430462 0 0 0
5667430462 0 0 0
5667430462 0 0 0
5667430462 0 0 0
5667430462 0 0 0
5667430475 0 0 0
5667430475 0 0 0
5667430475 0 0 0
5667430475 0 0 0
5667430475 0 0 0
5667430475 0 0 0
5667430475 0 0 0
5667430475 0 0 0
5667430475 0 0 0
5667430475 0 0 0
5667430475 0 0 0
5667430475 0 0 0
5667430475 0 0 0
5667430475 0 0 0
5667430475 0 0 0
5667430488 0 0 0
5667430488 0 0 0
5667430488 0 0 0
5667430488 0 0 0
5667430488 0 0 0
5667430488 0 0 0
5667430488 0 0 0
5667430488 0 0 0
5667430488 0 0 0
5667430488 0 0 0
5667430488 0 0 0
5667430488 0 0 0
5667430488 0 0 0
5667430488 0 0 0
5667430488 0 0 0
5667430501 0 0 0
5667430501 0 0 0
5667430501 0 0 0
5667430501 0 0 0
5667430501 0 0 0
5667430501 0 0 0
5667430501 0 0 0
5667430501 0 0 0
5667430501 0 0 0
5667430501 0 0 0
5667430501 0 0 0
5667430501 0 0 0
5667430501 0 0 0
5667430501 0 0 0
5667430501 0 0 0
5667430514 0 0 0
5667430514 0 0 0
5667430514 0 0 0
5667430514 0 0 0
5667430514 0 0 0
5667430514 0 0 0
5667430514 0 0 0
5667430514 0 0 0
5667430514 0 0 0
5667430514 0 0 0
5667430514 0 0 0
5667430514 0 0 0
5667430514 0 0 0
5667430514 0 0 0
5667430514 0 0 0
5667430527 0 0 0
5667430527 0 0 0
5667430527 0 0 0
5667430527 0 0 0
5667430527 0 0 0
5667430527 0 0 0
5667430527 0 0 0
5667430527 0 0 0
5667430527 0 0 0
5667430527 0 0 0
5667430527 0 0 0
5667430527 0 0 0
5667430527 0 0 0
5667430527 0 0 0
5667430527 0 0 0
5667430540 0 0 0
5667430540 0 0 0
5667430540 0 0 0
5667430540 0 0 0
5667430540 0 0 0
5667430540 0 0 0
5667430540 0 0 0
5667430540 0 0 0
5667430540 0 0 0
5667430540 0 0 1
5667430540 0 0 0
5667430540 0 0 0
5667430540 0 0 0
5667430540 0 0 0
5667430540 0 0 0
5667430553 0 0 0
5667430553 0 0 0
5667430553 0 0 0
5667430553 0 0 0
5667430553 0 0 2
5667430553 0 0 5
5667430553 1 0 5
5667430553 1 0 5
5667430553 0 0 3
5667430553 1 0 5
5667430553 0 0 0
5667430553 0 0 0
5667430553 0 0 0
5667430553 0 0 5
5667430566 0 0 7
5667430566 0 0 2
5667430566 0 0 6
5667430566 0 0 6
5667430566 0 0 5